0.352061,-0.245915,1.387
0.377354,-0.248929,1.404
0.304341,-0.220787,1.359
0.328708,-0.223549,1.376
0.354853,-0.227123,1.398
0.380311,-0.229885,1.415
0.256548,-0.195162,1.322
0.28069,-0.198262,1.343
0.304341,-0.200624,1.359
0.33253,-0.205496,1.392
0.357899,-0.208153,1.41
0.383536,-0.210662,1.427
0.192214,-0.171033,1.288
0.213758,-0.172892,1.302
0.235899,-0.174884,1.317
0.259653,-0.177672,1.338
0.281945,-0.179133,1.349
0.308148,-0.182718,1.376
0.335397,-0.186436,1.404
0.362214,-0.18949,1.427
0.386761,-0.191084,1.439
0.129988,-0.146851,1.245
0.150262,-0.148502,1.259
0.171625,-0.150743,1.278
0.193557,-0.152984,1.297
0.215399,-0.154754,1.312
0.236795,-0.155933,1.322
0.256548,-0.155933,1.322
0.285289,-0.161005,1.365
0.310611,-0.1636,1.387
0.338025,-0.166903,1.415
0.36526,-0.169734,1.439
0.0911425,-0.126111,1.223
0.111027,-0.127967,1.241
0.131032,-0.12941,1.255
0.151336,-0.130751,1.268
0.170954,-0.131266,1.273
0.191467,-0.132297,1.283
0.211459,-0.132813,1.288
0.242526,-0.139619,1.354
0.264893,-0.140753,1.365
0.289887,-0.143022,1.387
0.314418,-0.144774,1.404
0.342325,-0.147765,1.433
0.370082,-0.150343,1.458
0.0536567,-0.106111,1.202
0.07263,-0.107612,1.219
0.0921113,-0.109113,1.236
0.111832,-0.110349,1.25
0.132389,-0.111938,1.268
0.153126,-0.113262,1.283
0.173505,-0.114056,1.292
0.197288,-0.116705,1.322
0.220489,-0.118559,1.343
0.243422,-0.119971,1.359
0.267998,-0.121913,1.381
0.292186,-0.123414,1.398
0.316882,-0.124915,1.415
0.346864,-0.128181,1.452
0.373128,-0.12977,1.47
0.0541924,-0.0891588,1.214
0.0728683,-0.0898197,1.223
0.092782,-0.0914355,1.245
0.113085,-0.0928309,1.264
0.133433,-0.0938591,1.278
0.1542,-0.0948873,1.292
0.176191,-0.0963561,1.312
0.198929,-0.0978984,1.333
0.223116,-0.0998079,1.359
0.245392,-0.100616,1.37
0.265863,-0.100616,1.37
0.296993,-0.104361,1.421
0.320913,-0.105243,1.433
0.34973,-0.107519,1.464
0.374905,-0.108474,1.477
0.0547727,-0.0719088,1.227
0.0739408,-0.0727292,1.241
0.0938253,-0.0737841,1.259
0.114337,-0.0748976,1.278
0.134895,-0.0757181,1.292
0.156587,-0.0768902,1.312
0.177534,-0.0774763,1.322
0.198929,-0.0781209,1.333
0.218026,-0.0778279,1.328
0.244497,-0.0799963,1.365
0.273625,-0.0826335,1.41
0.299501,-0.0839815,1.433
0.325168,-0.085095,1.452
0.354269,-0.0869117,1.483
0.379728,-0.0876736,1.496
0.0551744,-0.0540979,1.236
0.074477,-0.0547107,1.25
0.0948687,-0.0557174,1.273
0.115232,-0.0563739,1.288
0.136461,-0.0572055,1.307
0.157184,-0.0576432,1.317
0.179683,-0.0585623,1.338
0.203705,-0.0597441,1.365
0.227713,-0.060707,1.387
0.251482,-0.0614511,1.404
0.276924,-0.0624577,1.427
0.303472,-0.0635519,1.452
0.329199,-0.0643398,1.47
0.359047,-0.0657841,1.503
0.0557994,-0.0361647,1.25
0.0755495,-0.0366855,1.268
0.0956139,-0.0371195,1.283
0.116484,-0.0376692,1.302
0.137505,-0.0381031,1.317
0.159094,-0.038566,1.333
0.181832,-0.0391736,1.354
0.206092,-0.0399548,1.381
0.230504,-0.0406202,1.404
0.254527,-0.041112,1.421
0.279253,-0.0416328,1.439
0.304726,-0.0421825,1.458
0.33211,-0.0429058,1.483
0.362152,-0.0438606,1.516
0.0564243,-0.017816,1.264
0.0758474,-0.0179429,1.273
0.0966572,-0.0182812,1.297
0.117826,-0.0185631,1.317
0.139176,-0.0187886,1.333
0.1616,-0.0190846,1.354
0.183309,-0.0192396,1.365
0.206988,-0.0195497,1.387
0.231489,-0.0198739,1.41
0.256677,-0.0201981,1.433
0.28294,-0.0205505,1.458
0.308697,-0.0208183,1.477
0.336589,-0.0211847,1.503
0.36693,-0.0216499,1.536
0.0566029,0.000940638,1.268
0.0767411,0.000955475,1.288
0.0977751,0.000973279,1.312
0.118811,0.000985148,1.328
0.140846,0.00100073,1.349
0.162913,0.0010126,1.365
0.184786,0.00102076,1.376
0.21042,0.00104598,1.41
0.233295,0.00105414,1.421
0.26008,0.00107713,1.452
0.285269,0.00109049,1.47
0.311205,0.00110458,1.489
0.341068,0.0011298,1.523
0.370275,0.00114983,1.55
0.0574957,0.0200653,1.288
0.0775753,0.0202834,1.302
0.0985203,0.0205949,1.322
0.119705,0.0208442,1.338
0.14189,0.0211713,1.359
0.164822,0.0215141,1.381
0.18774,0.0217789,1.398
0.212062,0.0221372,1.421
0.23625,0.0224176,1.439
0.261155,0.0227136,1.458
0.286627,0.0230096,1.477
0.315385,0.0235081,1.509
0.342411,0.0238197,1.529
0.37553,0.0244896,1.572
0.0578974,0.0394488,1.297
0.0781711,0.039905,1.312
0.0993401,0.0405437,1.333
0.121137,0.0411825,1.354
0.143665,0.0418516,1.376
0.166135,0.0423383,1.392
0.188546,0.0427032,1.404
0.212957,0.0434028,1.427
0.235265,0.0435853,1.433
0.255602,0.0434028,1.427
0.292837,0.0458969,1.509
0.319565,0.0465052,1.529
0.348682,0.0473568,1.557
0.380786,0.0484822,1.594
0.058567,0.0593709,1.312
0.0791244,0.0600949,1.328
0.100905,0.0612715,1.354
0.122568,0.0619955,1.37
0.144814,0.0627648,1.387
0.166851,0.0632626,1.398
0.188546,0.0635341,1.404
0.215643,0.0653894,1.445
0.242488,0.0668375,1.477
0.269215,0.0680141,1.503
0.295554,0.0689191,1.523
0.322491,0.0698242,1.543
0.353609,0.0714532,1.579
0.382458,0.0724488,1.601
0.0590134,0.0794377,1.322
0.0800181,0.0806995,1.343
0.101278,0.081661,1.359
0.123552,0.0829829,1.381
0.146589,0.084365,1.404
0.169596,0.0853865,1.421
0.194052,0.0868286,1.445
0.219374,0.0883308,1.47
0.245608,0.0898932,1.496
0.27029,0.0906743,1.509
0.298077,0.0922967,1.536
0.328552,0.0944599,1.572
0.356968,0.0957819,1.594
0.386041,0.0971038,1.616
0.0597277,0.100251,1.338
0.0806735,0.10145,1.354
0.102917,0.103473,1.381
0.125073,0.104746,1.398
0.148364,0.10647,1.421
0.171029,0.107369,1.433
0.195798,0.109242,1.458
0.22221,0.111565,1.489
0.247742,0.113063,1.509
0.275126,0.115086,1.536
0.303511,0.117184,1.564
0.331478,0.118832,1.586
0.361895,0.12108,1.616
0.393447,0.123403,1.647
0.0604419,0.121539,1.354
0.0816268,0.122975,1.37
0.103737,0.12495,1.392
0.126594,0.127014,1.415
0.149617,0.12863,1.433
0.173296,0.130335,1.452
0.197409,0.131951,1.47
0.224299,0.134913,1.503
0.251026,0.137247,1.529
0.277634,0.139132,1.55
0.30778,0.142363,1.586
0.33315,0.143082,1.594
0.367045,0.147121,1.639
0.0609329,0.142778,1.365
0.0822822,0.144452,1.381
0.105078,0.147485,1.41
0.127668,0.149263,1.427
0.1516,0.151878,1.452
0.175444,0.153761,1.47
0.199961,0.155749,1.489
0.228179,0.159932,1.529
0.252175,0.160665,1.536
0.273872,0.159932,1.529
0.310691,0.167464,1.601
0.33942,0.169869,1.624
0.370628,0.173112,1.655
0.061424,0.164344,1.376
0.0832951,0.166972,1.398
0.106345,0.170435,1.427
0.129278,0.172585,1.445
0.152853,0.174855,1.464
0.17628,0.176407,1.477
0.201841,0.179513,1.503
0.225194,0.180229,1.509
0.250041,0.181901,1.523
0.285515,0.190381,1.594
0.313602,0.193009,1.616
0.345899,0.197667,1.655
0.0621382,0.186908,1.392
0.084308,0.189996,1.415
0.107687,0.194024,1.445
0.130441,0.19577,1.458
0.15421,0.198321,1.477
0.178548,0.200872,1.496
0.204527,0.204498,1.523
0.232358,0.209063,1.557
0.260384,0.212957,1.586
0.289455,0.216985,1.616
0.318065,0.220073,1.639
0.041517,0.208455,1.398
0.0631649,0.21099,1.415
0.0853804,0.213674,1.433
0.108656,0.217402,1.458
0.132141,0.220235,1.477
0.156194,0.223068,1.496
0.18177,0.227094,1.523
0.207213,0.230076,1.543
0.233402,0.233208,1.564
0.26416,0.239918,1.609
0.0422,0.232968,1.421
0.0637006,0.233952,1.427
0.0860954,0.236903,1.445
0.10955,0.241001,1.47
0.133841,0.245264,1.496
0.159013,0.249691,1.523
0.183322,0.251822,1.536
0.211107,0.257724,1.572
0.240118,0.26379,1.609
0.0425564,0.256197,1.433
0.0642363,0.257269,1.439
0.0872275,0.261739,1.464
0.110966,0.266208,1.489
0.13563,0.271036,1.516
0.15964,0.27336,1.529
0.185828,0.278366,1.557
0.215002,0.286232,1.601
0.0431206,0.281136,1.452
0.0650844,0.282298,1.458
0.088717,0.2883,1.489
0.112456,0.292173,1.509
0.136793,0.296045,1.529
0.043477,0.305181,1.464
0.0656201,0.306432,1.47
0.0891341,0.311852,1.496
0.0442194,0.332484,1.489
0.0667807,0.334047,1.496
