-1.13394,-2.50499,5.832
-1.60225,-2.33884,5.64
-1.51798,-2.33884,5.64
-1.4337,-2.33884,5.64
-1.37192,-2.37782,5.734
-1.30822,-2.41846,5.832
-1.09661,-2.33884,5.64
-1.57611,-2.21838,5.548
-0.490523,-2.18319,5.46
-0.249733,-2.21838,5.548
-0.000973164,-2.08323,5.21
0.080564,-2.18319,5.46
-1.63897,-1.91853,4.983
-1.58744,-1.94664,5.056
-1.53462,-1.9759,5.132
-1.5031,-2.03711,5.291
-1.28525,-1.94664,5.056
-1.19223,-1.91853,4.983
-0.756417,-1.94664,5.056
-0.537739,-1.9759,5.132
-0.384373,-1.9759,5.132
-0.231007,-1.9759,5.132
-0.154324,-1.9759,5.132
-0.0764917,-1.94664,5.056
-0.000930763,-1.91853,4.983
0.0757243,-1.9759,5.132
0.669177,-1.91853,4.983
-1.66661,-1.71948,4.645
-1.64156,-1.76723,4.774
-1.5926,-1.7924,4.842
-1.52025,-1.7924,4.842
-1.4156,-1.8446,4.983
-1.32177,-1.81794,4.911
-1.21356,-1.76723,4.774
-0.734724,-1.81794,4.911
-0.634006,-1.7428,4.708
-0.514582,-1.81794,4.911
-0.428893,-1.76723,4.774
-0.367821,-1.81794,4.911
-0.29444,-1.81794,4.911
-0.217953,-1.7924,4.842
-0.000904426,-1.7924,4.842
0.137944,-1.71948,4.645
0.415569,-1.71948,4.645
0.5619,-1.7428,4.708
0.623787,-1.71948,4.645
0.762599,-1.71948,4.645
0.809973,-1.67395,4.522
0.889185,-1.69616,4.582
1.11812,-1.63063,4.405
1.26621,-1.6521,4.463
1.84214,-1.63063,4.405
1.88361,-1.60983,4.3488
1.97378,-1.63063,4.405
2.0396,-1.63063,4.405
-2.67408,-1.67295,4.708
-2.50087,-1.60685,4.522
-2.4333,-1.60685,4.522
-2.33486,-1.58589,4.463
-1.78094,-1.62817,4.582
-1.71247,-1.62817,4.582
-1.62248,-1.60685,4.522
-1.45839,-1.65056,4.645
-1.25018,-1.65056,4.645
-1.13451,-1.58589,4.463
-0.822432,-1.62817,4.582
-0.774701,-1.67295,4.708
-0.685503,-1.62817,4.582
-0.608958,-1.60685,4.522
-0.54139,-1.60685,4.522
-0.473822,-1.60685,4.522
-0.417304,-1.65056,4.645
-0.347898,-1.65056,4.645
-0.132463,-1.56528,4.405
-0.0693206,-1.62817,4.582
-0.000855861,-1.62817,4.582
0.0667235,-1.60685,4.522
0.13254,-1.58589,4.463
0.20186,-1.60685,4.522
0.332599,-1.58589,4.463
0.404564,-1.60685,4.522
0.478397,-1.62817,4.582
0.512608,-1.52619,4.295
0.591557,-1.56528,4.405
0.71397,-1.54531,4.3488
0.877542,-1.60685,4.522
0.973891,-1.54531,4.3488
1.02602,-1.52619,4.295
1.0902,-1.52619,4.295
1.17429,-1.47076,4.139
1.45671,-1.507,4.241
2.10197,-1.47076,4.139
-2.46824,-1.51967,4.463
-2.37034,-1.49992,4.405
-2.27512,-1.48079,4.3488
-2.21014,-1.48079,4.3488
-2.17288,-1.49992,4.405
-2.0152,-1.48079,4.3488
-1.97542,-1.49992,4.405
-1.86192,-1.46247,4.295
-1.82026,-1.48079,4.3488
-1.77796,-1.49992,4.405
-1.73468,-1.51967,4.463
-1.64632,-1.49992,4.405
-1.31722,-1.49992,4.405
-1.23544,-1.48079,4.3488
-1.18558,-1.49992,4.405
-1.11976,-1.49992,4.405
-1.0405,-1.48079,4.3488
-0.975515,-1.48079,4.3488
-0.856482,-1.49992,4.405
-0.790662,-1.49992,4.405
-0.734386,-1.51967,4.463
-0.650614,-1.48079,4.3488
-0.520654,-1.48079,4.3488
-0.450036,-1.46247,4.295
-0.390694,-1.48079,4.3488
-0.329923,-1.49992,4.405
-0.264103,-1.49992,4.405
-0.195753,-1.48079,4.3488
-0.129155,-1.46247,4.295
-0.0641616,-1.44408,4.241
-0.000812302,-1.48079,4.3488
0.0641679,-1.48079,4.3488
0.12755,-1.46247,4.295
0.18704,-1.42671,4.19
0.255903,-1.46247,4.295
0.320079,-1.46247,4.295
0.384256,-1.46247,4.295
0.448432,-1.46247,4.295
0.488022,-1.39232,4.089
0.562684,-1.42671,4.19
0.610219,-1.39232,4.089
0.687899,-1.42671,4.19
0.854612,-1.39232,4.089
0.904961,-1.37598,4.041
0.965342,-1.37598,4.041
1.0506,-1.40935,4.139
1.11244,-1.40935,4.139
1.14648,-1.37598,4.041
1.25251,-1.35997,3.994
1.35606,-1.34431,3.948
1.59203,-1.34431,3.948
2.0522,-1.37598,4.041
2.09876,-1.32899,3.903
-2.28905,-1.34794,4.139
-2.25465,-1.36455,4.19
-2.19204,-1.36455,4.19
-2.09198,-1.38116,4.241
-1.95591,-1.33166,4.089
-1.91798,-1.34794,4.139
-1.83371,-1.33166,4.089
-1.88524,-1.41626,4.3488
-1.75379,-1.36455,4.19
-1.69118,-1.36455,4.19
-1.54691,-1.34794,4.139
-1.50336,-1.36455,4.19
-1.45829,-1.38116,4.241
-1.33155,-1.38116,4.241
-1.25293,-1.36455,4.19
-1.20481,-1.38116,4.241
-1.14144,-1.38116,4.241
-1.06511,-1.36455,4.19
-1.02762,-1.39874,4.295
-0.951334,-1.38116,4.241
-0.866608,-1.34794,4.139
-0.824595,-1.38116,4.241
-0.752071,-1.36455,4.19
-0.681072,-1.34794,4.139
-0.619227,-1.34794,4.139
-0.557381,-1.34794,4.139
-0.495536,-1.34794,4.139
-0.371845,-1.34794,4.139
-0.306255,-1.33166,4.089
-0.248154,-1.34794,4.139
-0.186309,-1.34794,4.139
-0.125997,-1.36455,4.19
-0.0626185,-1.34794,4.139
-0.000792166,-1.38116,4.241
0.0596262,-1.31602,4.041
0.122918,-1.34794,4.139
0.182531,-1.33166,4.089
0.243629,-1.33166,4.089
0.304727,-1.33166,4.089
0.365826,-1.33166,4.089
0.421912,-1.31602,4.041
0.488022,-1.33166,4.089
0.542674,-1.31602,4.041
0.596041,-1.30072,3.994
0.648168,-1.28574,3.948
0.732415,-1.33166,4.089
0.784198,-1.31602,4.041
0.815737,-1.27108,3.903
0.884134,-1.28574,3.948
0.954114,-1.30072,3.994
1.00212,-1.28574,3.948
1.04901,-1.27108,3.903
1.09485,-1.25675,3.859
1.13967,-1.24275,3.816
1.22397,-1.27108,3.903
1.3255,-1.25675,3.859
1.36774,-1.24275,3.816
1.42476,-1.24275,3.816
1.52187,-1.22907,3.774
1.6138,-1.25675,3.859
1.67146,-1.25675,3.859
1.80382,-1.22907,3.774
1.88092,-1.24275,3.816
2.01743,-1.25675,3.859
2.02939,-1.22907,3.774
-2.26854,-1.24146,3.994
-2.28905,-1.28653,4.139
-2.04189,-1.21317,3.903
-1.98358,-1.21317,3.903
-1.94745,-1.22716,3.948
-1.91047,-1.24146,3.994
-1.87257,-1.25607,4.041
-1.79111,-1.24146,3.994
-1.77261,-1.27099,4.089
-1.61207,-1.24146,3.994
-1.57066,-1.25607,4.041
-1.51028,-1.25607,4.041
-1.43304,-1.24146,3.994
-1.35754,-1.22716,3.948
-1.32914,-1.25607,4.041
-1.254,-1.24146,3.994
-1.20838,-1.25607,4.041
-1.14799,-1.25607,4.041
-1.08761,-1.25607,4.041
-1.02723,-1.25607,4.041
-0.966851,-1.25607,4.041
-0.90647,-1.25607,4.041
-0.846089,-1.25607,4.041
-0.77657,-1.24146,3.994
-0.716891,-1.24146,3.994
-0.664946,-1.25607,4.041
-0.550648,-1.27099,4.089
-0.478176,-1.24146,3.994
-0.423422,-1.25607,4.041
-0.367353,-1.27099,4.089
-0.30266,-1.25607,4.041
-0.179782,-1.24146,3.994
-0.121517,-1.25607,4.041
-0.0604248,-1.24146,3.994
-0.000737438,-1.22716,3.948
0.0589327,-1.24146,3.994
0.117245,-1.22716,3.948
0.176237,-1.22716,3.948
0.232547,-1.21317,3.903
0.29422,-1.22716,3.948
0.345249,-1.1995,3.859
0.40291,-1.1995,3.859
0.465823,-1.21317,3.903
0.524142,-1.21317,3.903
0.575895,-1.1995,3.859
0.64078,-1.21317,3.903
0.699099,-1.21317,3.903
0.740535,-1.18613,3.816
0.779998,-1.16002,3.732
0.835762,-1.16002,3.732
0.911592,-1.18613,3.816
0.95795,-1.17308,3.774
1.02563,-1.18613,3.816
1.04747,-1.14759,3.692
1.11458,-1.16002,3.732
1.14557,-1.13547,3.653
1.21297,-1.14759,3.692
1.26813,-1.14759,3.692
1.3233,-1.14759,3.692
1.3639,-1.13547,3.653
1.41849,-1.13547,3.653
1.4888,-1.14759,3.692
1.54396,-1.14759,3.692
1.59913,-1.14759,3.692
1.65575,-1.11153,3.576
1.70919,-1.11153,3.576
1.76262,-1.11153,3.576
1.83535,-1.12334,3.614
1.95104,-1.16002,3.732
1.94335,-1.12334,3.614
-2.19186,-1.14224,3.859
-2.08719,-1.11708,3.774
-2.07654,-1.14224,3.859
-1.95243,-1.10465,3.732
-1.89667,-1.10465,3.732
-1.78514,-1.10465,3.732
-1.74884,-1.11708,3.774
-1.73057,-1.14224,3.859
-1.67291,-1.14224,3.859
-1.59725,-1.12951,3.816
-1.57534,-1.15526,3.903
-1.49992,-1.14224,3.859
-1.41049,-1.11708,3.774
-1.36917,-1.12951,3.816
-1.31215,-1.12951,3.816
-1.28375,-1.15526,3.903
-1.22543,-1.15526,3.903
-1.15395,-1.14224,3.859
-1.09629,-1.14224,3.859
-1.03863,-1.14224,3.859
-0.970037,-1.12951,3.816
-0.923306,-1.14224,3.859
-0.865644,-1.14224,3.859
-0.790186,-1.11708,3.774
-0.74196,-1.12951,3.816
-0.692659,-1.14224,3.859
-0.627922,-1.12951,3.816
-0.577336,-1.14224,3.859
-0.519675,-1.14224,3.859
-0.000729032,-1.15526,3.903
0.05759,-1.15526,3.903
0.110831,-1.10465,3.732
0.166595,-1.10465,3.732
0.219975,-1.09281,3.692
0.281252,-1.11708,3.774
0.337644,-1.11708,3.774
0.38965,-1.10465,3.732
0.445414,-1.10465,3.732
0.495806,-1.09281,3.692
0.545153,-1.08127,3.653
0.612706,-1.10465,3.732
0.661305,-1.09281,3.692
0.724234,-1.10465,3.732
0.763487,-1.08127,3.653
0.809336,-1.06972,3.614
0.872653,-1.08127,3.653
0.927237,-1.08127,3.653
0.971338,-1.06972,3.614
1.01456,-1.05847,3.576
1.07934,-1.06972,3.614
1.09853,-1.03687,3.503
1.17486,-1.05847,3.576
1.22829,-1.05847,3.576
1.26846,-1.04752,3.539
1.32134,-1.04752,3.539
1.34665,-1.02651,3.468
1.4271,-1.04752,3.539
1.49545,-1.05847,3.576
1.53286,-1.04752,3.539
1.60232,-1.05847,3.576
1.62195,-1.03687,3.503
1.64084,-1.01615,3.433
1.72664,-1.03687,3.503
1.77898,-1.03687,3.503
1.81302,-1.02651,3.468
1.84602,-1.01615,3.433
-2.11973,-1.04928,3.732
-1.8907,-1.0161,3.614
-1.85652,-1.02707,3.653
-1.80194,-1.02707,3.653
-1.76601,-1.03803,3.692
-1.72938,-1.04928,3.732
-1.6207,-1.0161,3.614
-1.5667,-1.0161,3.614
-1.52902,-1.02707,3.653
-1.49018,-1.03803,3.692
-1.43501,-1.03803,3.692
-1.37985,-1.03803,3.692
-1.31069,-1.02707,3.653
-1.2561,-1.02707,3.653
-1.24132,-1.06109,3.774
-1.18493,-1.06109,3.774
-1.11598,-1.04928,3.732
-1.04885,-1.03803,3.692
-0.983185,-1.02707,3.653
-0.938515,-1.03803,3.692
-0.89292,-1.04928,3.732
-0.828183,-1.03803,3.692
-0.773017,-1.03803,3.692
-0.725628,-1.04928,3.732
0.161327,-1.0161,3.614
0.215328,-1.0161,3.614
0.266497,-1.00542,3.576
0.323329,-1.0161,3.614
0.373363,-1.00542,3.576
0.426796,-1.00542,3.576
0.480229,-1.00542,3.576
0.533661,-1.00542,3.576
0.587094,-1.00542,3.576
0.640527,-1.00542,3.576
0.679794,-0.984894,3.503
0.724821,-0.975053,3.468
0.784478,-0.984894,3.503
0.83682,-0.984894,3.503
0.871395,-0.965213,3.433
0.932098,-0.975053,3.468
0.983917,-0.975053,3.468
1.03574,-0.975053,3.468
1.07658,-0.965213,3.433
1.13937,-0.975053,3.468
1.17917,-0.965213,3.433
1.21828,-0.955654,3.399
1.25638,-0.946094,3.365
1.31986,-0.955654,3.399
1.37065,-0.955654,3.399
1.42143,-0.955654,3.399
1.47222,-0.955654,3.399
1.50778,-0.946094,3.365
1.55806,-0.946094,3.365
1.59304,-0.937097,3.333
1.64284,-0.937097,3.333
1.7089,-0.946094,3.365
1.79225,-0.937097,3.333
-1.98966,-0.932921,3.503
-1.91796,-0.923599,3.468
-1.90434,-0.942508,3.539
-1.79601,-0.914278,3.433
-1.79858,-0.942508,3.539
-1.76396,-0.952362,3.576
-1.6756,-0.932921,3.503
-1.65709,-0.952362,3.576
-1.58706,-0.942508,3.539
-1.48823,-0.914278,3.433
-1.46624,-0.932921,3.503
-1.42842,-0.942508,3.539
-1.37554,-0.942508,3.539
-1.33649,-0.952362,3.576
-1.25687,-0.932921,3.503
-1.24269,-0.962482,3.614
-1.16402,-0.942508,3.539
-1.11114,-0.942508,3.539
-1.06933,-0.952362,3.576
-1.00538,-0.942508,3.539
-0.952503,-0.942508,3.539
-0.899623,-0.942508,3.539
0.313399,-0.932921,3.503
0.3695,-0.942508,3.539
0.409729,-0.914278,3.433
0.461025,-0.914278,3.433
0.512321,-0.914278,3.433
0.563617,-0.914278,3.433
0.614914,-0.914278,3.433
0.66621,-0.914278,3.433
0.703294,-0.896168,3.365
0.753574,-0.896168,3.365
0.803854,-0.896168,3.365
0.854134,-0.896168,3.365
0.904414,-0.896168,3.365
0.945616,-0.887646,3.333
0.985562,-0.878858,3.3
1.03487,-0.878858,3.3
1.09502,-0.887646,3.333
1.15582,-0.896168,3.365
1.1828,-0.878858,3.3
1.23211,-0.878858,3.3
1.26938,-0.870602,3.269
1.33072,-0.878858,3.3
1.38003,-0.878858,3.3
1.41592,-0.870602,3.269
1.50778,-0.896168,3.365
1.52796,-0.878858,3.3
1.56245,-0.870602,3.269
1.62658,-0.878858,3.3
1.66014,-0.870602,3.269
1.6771,-0.854356,3.208
-1.93059,-0.854793,3.399
-1.8798,-0.854793,3.399
-1.84731,-0.863344,3.433
-1.76043,-0.846243,3.365
-1.78029,-0.880947,3.503
-1.67665,-0.854793,3.399
-1.62586,-0.854793,3.399
-1.57507,-0.854793,3.399
-1.52428,-0.854793,3.399
-1.45875,-0.846243,3.365
-1.43694,-0.863344,3.433
-1.37192,-0.854793,3.399
-1.33434,-0.863344,3.433
-1.29613,-0.872145,3.468
-1.24431,-0.872145,3.468
-1.18045,-0.863344,3.433
-1.12916,-0.863344,3.433
-1.07786,-0.863344,3.433
-1.02657,-0.863344,3.433
-0.97527,-0.863344,3.433
-0.914822,-0.854793,3.399
0.401613,-0.846243,3.365
0.443164,-0.829896,3.3
0.497398,-0.838195,3.333
0.5472,-0.838195,3.333
0.591091,-0.829896,3.3
0.6404,-0.829896,3.3
0.67675,-0.814304,3.238
0.725133,-0.814304,3.238
0.773515,-0.814304,3.238
0.821898,-0.814304,3.238
0.87028,-0.814304,3.238
0.90164,-0.799215,3.178
0.958086,-0.80676,3.208
0.996612,-0.799215,3.178
1.05395,-0.80676,3.208
1.09158,-0.799215,3.178
1.13907,-0.799215,3.178
1.18656,-0.799215,3.178
1.23404,-0.799215,3.178
1.25814,-0.784629,3.12
1.31689,-0.791922,3.149
1.36394,-0.791922,3.149
1.42399,-0.799215,3.178
1.45804,-0.791922,3.149
1.49124,-0.784629,3.12
1.56644,-0.799215,3.178
1.58447,-0.784629,3.12
1.63109,-0.784629,3.12
-1.85675,-0.773599,3.269
-1.74238,-0.766263,3.238
-1.71021,-0.773599,3.269
-1.64561,-0.766263,3.238
-1.59723,-0.766263,3.238
-1.54885,-0.766263,3.238
-1.51483,-0.773599,3.269
-1.46598,-0.773599,3.269
-1.41714,-0.773599,3.269
-1.36829,-0.773599,3.269
-1.30693,-0.766263,3.238
-1.29547,-0.788744,3.333
-1.23334,-0.780935,3.3
-1.18403,-0.780935,3.3
-1.13472,-0.780935,3.3
-1.08541,-0.780935,3.3
-1.02637,-0.773599,3.269
-0.986795,-0.780935,3.3
-0.937486,-0.780935,3.3
-0.879834,-0.773599,3.269
0.536692,-0.773599,3.269
0.569238,-0.752064,3.178
0.611096,-0.745201,3.149
0.652088,-0.738338,3.12
0.692437,-0.731712,3.092
0.752254,-0.745201,3.149
0.791946,-0.738338,3.12
0.838565,-0.738338,3.12
0.877241,-0.731712,3.092
0.923442,-0.731712,3.092
0.969643,-0.731712,3.092
1.02504,-0.738338,3.12
1.06204,-0.731712,3.092
1.09821,-0.725086,3.064
1.14399,-0.725086,3.064
1.17929,-0.718697,3.037
1.23556,-0.725086,3.064
1.28134,-0.725086,3.064
1.32712,-0.725086,3.064
1.37291,-0.725086,3.064
1.40619,-0.718697,3.037
1.45157,-0.718697,3.037
1.51025,-0.725086,3.064
1.55604,-0.725086,3.064
1.57359,-0.712307,3.01
-1.78859,-0.69848,3.149
-1.74154,-0.69848,3.149
-1.71009,-0.704912,3.178
-1.6626,-0.704912,3.178
-1.61512,-0.704912,3.178
-1.56763,-0.704912,3.178
-1.50627,-0.69848,3.149
-1.48656,-0.711567,3.208
-1.42517,-0.704912,3.178
-1.36512,-0.69848,3.149
-1.3302,-0.704912,3.178
-1.28272,-0.704912,3.178
-1.24689,-0.711567,3.208
-1.18774,-0.704912,3.178
-1.14026,-0.704912,3.178
-1.10309,-0.711567,3.208
-1.06502,-0.718221,3.238
-0.997799,-0.704912,3.178
-0.950313,-0.704912,3.178
-0.894589,-0.69848,3.149
-0.855341,-0.704912,3.178
0.605469,-0.692047,3.12
0.634741,-0.673637,3.037
0.68012,-0.673637,3.037
0.725499,-0.673637,3.037
0.770878,-0.673637,3.037
0.809001,-0.667648,3.01
0.853976,-0.667648,3.01
0.898952,-0.667648,3.01
0.935774,-0.661881,2.984
0.980361,-0.661881,2.984
1.02495,-0.661881,2.984
1.06954,-0.661881,2.984
1.10442,-0.656114,2.958
1.13891,-0.650569,2.933
1.2033,-0.661881,2.984
1.23701,-0.656114,2.958
1.28121,-0.656114,2.958
1.32541,-0.656114,2.958
1.35803,-0.650569,2.933
1.40186,-0.650569,2.933
1.45801,-0.656114,2.958
1.5022,-0.656114,2.958
1.5464,-0.656114,2.958
1.57716,-0.650569,2.933
-1.75621,-0.639961,3.092
-1.65028,-0.617608,2.984
-1.63422,-0.628578,3.037
-1.60296,-0.634166,3.064
-1.52974,-0.62299,3.01
-1.49808,-0.628578,3.037
-1.46562,-0.634166,3.064
-1.41983,-0.634166,3.064
-1.37405,-0.634166,3.064
-1.31656,-0.628578,3.037
-1.2942,-0.639961,3.092
-1.248,-0.639961,3.092
-1.2018,-0.639961,3.092
-1.1556,-0.639961,3.092
-1.1094,-0.639961,3.092
-1.0632,-0.639961,3.092
-1.017,-0.639961,3.092
-0.970798,-0.639961,3.092
-0.916224,-0.634166,3.064
-0.878396,-0.639961,3.092
-0.824659,-0.634166,3.064
-0.772013,-0.628578,3.037
0.706627,-0.612227,2.958
0.750826,-0.612227,2.958
0.781586,-0.601878,2.908
0.825038,-0.601878,2.908
0.868489,-0.601878,2.908
0.911941,-0.601878,2.908
0.955393,-0.601878,2.908
0.998844,-0.601878,2.908
1.0423,-0.601878,2.908
1.07641,-0.596704,2.883
1.1292,-0.601878,2.908
1.16257,-0.596704,2.883
1.2161,-0.601878,2.908
1.24873,-0.596704,2.883
1.28105,-0.591737,2.859
1.32377,-0.591737,2.859
1.36649,-0.591737,2.859
1.42104,-0.596704,2.883
1.46412,-0.596704,2.883
1.50719,-0.596704,2.883
1.52446,-0.586769,2.835
-1.6801,-0.56834,2.958
-1.63591,-0.56834,2.958
-1.59171,-0.56834,2.958
-1.54751,-0.56834,2.958
-1.4906,-0.563536,2.933
-1.47194,-0.573335,2.984
-1.41491,-0.56834,2.958
-1.38276,-0.573335,2.984
-1.32651,-0.56834,2.958
-1.29359,-0.573335,2.984
-1.23812,-0.56834,2.958
-1.20441,-0.573335,2.984
-1.16993,-0.578331,3.01
-1.11524,-0.573335,2.984
-1.07065,-0.573335,2.984
-1.00853,-0.563536,2.933
-0.981476,-0.573335,2.984
-0.928726,-0.56834,2.958
-0.900077,-0.578331,3.01
-0.840328,-0.56834,2.958
-0.79613,-0.56834,2.958
-0.745576,-0.563536,2.933
0.761966,-0.544707,2.835
0.804327,-0.544707,2.835
0.832949,-0.535869,2.789
0.874623,-0.535869,2.789
0.931409,-0.544707,2.835
0.96587,-0.540288,2.812
0.999643,-0.535869,2.789
1.04132,-0.535869,2.789
1.09192,-0.540288,2.812
1.12466,-0.535869,2.789
1.15714,-0.531642,2.767
1.20801,-0.535869,2.789
1.23983,-0.531642,2.767
1.28117,-0.531642,2.767
1.32252,-0.531642,2.767
1.36386,-0.531642,2.767
1.40521,-0.531642,2.767
1.43453,-0.527223,2.744
1.4879,-0.531642,2.767
-1.62387,-0.5069,2.859
-1.58115,-0.5069,2.859
-1.53843,-0.5069,2.859
-1.49572,-0.5069,2.859
-1.46519,-0.511155,2.883
-1.41028,-0.5069,2.859
-1.36756,-0.5069,2.859
-1.32484,-0.5069,2.859
-1.28212,-0.5069,2.859
-1.2498,-0.511155,2.883
-1.19668,-0.5069,2.859
-1.17374,-0.515588,2.908
-1.12057,-0.511155,2.883
-1.07749,-0.511155,2.883
-1.03441,-0.511155,2.883
-0.991334,-0.511155,2.883
-0.956479,-0.515588,2.908
-0.905178,-0.511155,2.883
-0.869576,-0.515588,2.908
-0.819022,-0.511155,2.883
-0.769484,-0.5069,2.859
-0.726765,-0.5069,2.859
0.81951,-0.48651,2.744
0.853925,-0.482787,2.723
0.894613,-0.482787,2.723
0.9353,-0.482787,2.723
0.983514,-0.48651,2.744
1.01667,-0.482787,2.723
1.04882,-0.478887,2.701
1.09805,-0.482787,2.723
1.13874,-0.482787,2.723
1.17942,-0.482787,2.723
1.22011,-0.482787,2.723
1.25061,-0.478887,2.701
1.28093,-0.475163,2.68
1.32098,-0.475163,2.68
1.36102,-0.475163,2.68
1.40107,-0.475163,2.68
1.45241,-0.478887,2.701
-1.57162,-0.449535,2.767
-1.51755,-0.445798,2.744
-1.48893,-0.449535,2.767
-1.44758,-0.449535,2.767
-1.40624,-0.449535,2.767
-1.36489,-0.449535,2.767
-1.33407,-0.453109,2.789
-1.2924,-0.453109,2.789
-1.26104,-0.456846,2.812
-1.20905,-0.453109,2.789
-1.17701,-0.456846,2.812
-1.12571,-0.453109,2.789
-1.08403,-0.453109,2.789
-1.05095,-0.456846,2.812
-1.00894,-0.456846,2.812
-0.959012,-0.453109,2.789
-0.924903,-0.456846,2.812
-0.875665,-0.453109,2.789
-0.833991,-0.453109,2.789
-0.786068,-0.449535,2.767
-0.750644,-0.453109,2.789
-0.703378,-0.449535,2.767
0.754393,-0.431989,2.659
0.794124,-0.431989,2.659
0.827583,-0.42874,2.639
0.873586,-0.431989,2.659
0.913317,-0.431989,2.659
0.94588,-0.42874,2.639
0.985312,-0.42874,2.639
1.01659,-0.425328,2.618
1.06418,-0.42874,2.639
1.09483,-0.425328,2.618
1.14304,-0.42874,2.639
1.1641,-0.422079,2.598
1.21218,-0.425328,2.618
1.26134,-0.42874,2.639
1.28056,-0.422079,2.598
1.32954,-0.425328,2.618
1.36866,-0.425328,2.618
-1.5222,-0.395638,2.68
-1.48216,-0.395638,2.68
-1.44211,-0.395638,2.68
-1.40207,-0.395638,2.68
-1.35135,-0.392538,2.659
-1.33234,-0.398738,2.701
-1.27189,-0.392538,2.659
-1.25162,-0.398738,2.701
-1.22113,-0.401986,2.723
-1.1709,-0.398738,2.701
-1.13975,-0.401986,2.723
-1.09019,-0.398738,2.701
-1.04983,-0.398738,2.701
-1.00947,-0.398738,2.701
-0.969111,-0.398738,2.701
-0.928753,-0.398738,2.701
-0.89563,-0.401986,2.723
-0.848035,-0.398738,2.701
-0.814255,-0.401986,2.723
-0.767318,-0.398738,2.701
-0.726959,-0.398738,2.701
-0.681263,-0.395638,2.68
-0.641218,-0.395638,2.68
0.737087,-0.383533,2.598
0.770232,-0.380728,2.579
0.808767,-0.380728,2.579
0.853545,-0.383533,2.598
0.885839,-0.380728,2.579
0.924374,-0.380728,2.579
0.955816,-0.377923,2.56
0.994068,-0.377923,2.56
1.03232,-0.377923,2.56
1.07852,-0.380728,2.579
1.10882,-0.377923,2.56
1.13005,-0.372313,2.522
1.16773,-0.372313,2.522
1.2145,-0.375118,2.541
1.2431,-0.372313,2.522
1.29043,-0.375118,2.541
1.3284,-0.375118,2.541
-1.48699,-0.347642,2.618
-1.43681,-0.344987,2.598
-1.39799,-0.344987,2.598
-1.35917,-0.344987,2.598
-1.32035,-0.344987,2.598
-1.2914,-0.347642,2.618
-1.26232,-0.350431,2.639
-1.21316,-0.347642,2.618
-1.17404,-0.347642,2.618
-1.13492,-0.347642,2.618
-1.10459,-0.350431,2.639
-1.06516,-0.350431,2.639
-1.01757,-0.347642,2.618
-0.978449,-0.347642,2.618
-0.939331,-0.347642,2.618
-0.900213,-0.347642,2.618
-0.868001,-0.350431,2.639
-0.828569,-0.350431,2.639
-0.789137,-0.350431,2.639
-0.743739,-0.347642,2.618
-0.70462,-0.347642,2.618
-0.665502,-0.347642,2.618
-0.621598,-0.344987,2.598
0.715524,-0.334895,2.522
0.742158,-0.329981,2.485
0.784934,-0.332372,2.503
0.822334,-0.332372,2.503
0.859734,-0.332372,2.503
0.897134,-0.332372,2.503
0.927814,-0.329981,2.485
0.964945,-0.329981,2.485
1.00933,-0.332372,2.503
1.04673,-0.332372,2.503
1.06854,-0.327591,2.467
1.12153,-0.332372,2.503
1.14227,-0.327591,2.467
1.17913,-0.327591,2.467
1.21599,-0.327591,2.467
1.25285,-0.327591,2.467
1.28083,-0.325334,2.45
-1.44325,-0.299717,2.541
-1.39478,-0.297476,2.522
-1.35709,-0.297476,2.522
-1.31941,-0.297476,2.522
-1.28173,-0.297476,2.522
-1.25341,-0.299717,2.541
-1.22453,-0.301958,2.56
-1.18628,-0.301958,2.56
-1.14803,-0.301958,2.56
-1.10154,-0.299717,2.541
-1.07153,-0.301958,2.56
-1.02561,-0.299717,2.541
-0.995024,-0.301958,2.56
-0.956772,-0.301958,2.56
-0.911704,-0.299717,2.541
-0.873736,-0.299717,2.541
-0.848267,-0.3042,2.579
-0.803765,-0.301958,2.56
-0.765514,-0.301958,2.56
-0.727262,-0.301958,2.56
-0.683896,-0.299717,2.541
-0.650758,-0.301958,2.56
-0.603415,-0.297476,2.522
0.663058,-0.290989,2.467
0.695097,-0.288984,2.45
0.731705,-0.288984,2.45
0.762669,-0.286861,2.432
0.810507,-0.290989,2.467
0.84153,-0.288984,2.45
0.871686,-0.286861,2.432
0.908025,-0.286861,2.432
0.944364,-0.286861,2.432
0.987962,-0.288984,2.45
1.01704,-0.286861,2.432
1.05338,-0.286861,2.432
1.0821,-0.284855,2.415
1.11819,-0.284855,2.415
1.15427,-0.284855,2.415
1.19036,-0.284855,2.415
1.21781,-0.28285,2.398
1.25364,-0.28285,2.398
-1.40122,-0.254387,2.467
-1.35496,-0.252634,2.45
-1.3275,-0.254387,2.467
-1.28174,-0.252634,2.45
-1.26292,-0.256243,2.485
-1.23467,-0.258099,2.503
-1.18005,-0.254387,2.467
-1.15153,-0.256243,2.485
-1.10633,-0.254387,2.467
-1.06946,-0.254387,2.467
-1.04014,-0.256243,2.485
-1.003,-0.256243,2.485
-0.965873,-0.256243,2.485
-0.922015,-0.254387,2.467
-0.885153,-0.254387,2.467
-0.85448,-0.256243,2.485
-0.823269,-0.258099,2.503
-0.774566,-0.254387,2.467
-0.743086,-0.256243,2.485
-0.700842,-0.254387,2.467
-0.668824,-0.256243,2.485
-0.627118,-0.254387,2.467
-0.598869,-0.258099,2.503
0.644513,-0.247272,2.398
0.680344,-0.247272,2.398
0.716175,-0.247272,2.398
0.746675,-0.245519,2.381
0.782252,-0.245519,2.381
0.812334,-0.243869,2.365
0.847672,-0.243869,2.365
0.88301,-0.243869,2.365
0.918348,-0.243869,2.365
0.960138,-0.245519,2.381
0.989024,-0.243869,2.365
1.01743,-0.242219,2.349
1.0597,-0.243869,2.365
1.09504,-0.243869,2.365
1.12273,-0.242219,2.349
1.15783,-0.242219,2.349
1.19293,-0.242219,2.349
1.21966,-0.240569,2.333
-1.37169,-0.213194,2.415
-1.3168,-0.210192,2.381
-1.29952,-0.213194,2.415
-1.24564,-0.210192,2.381
-1.21007,-0.210192,2.381
-1.19965,-0.214694,2.432
-1.15518,-0.213194,2.415
-1.11909,-0.213194,2.415
-1.08301,-0.213194,2.415
-1.04692,-0.213194,2.415
-1.01084,-0.213194,2.415
-0.981612,-0.214694,2.432
-0.938665,-0.213194,2.415
-0.90258,-0.213194,2.415
-0.866495,-0.213194,2.415
-0.824564,-0.211693,2.398
-0.794325,-0.213194,2.415
-0.75824,-0.213194,2.415
-0.722154,-0.213194,2.415
-0.686069,-0.213194,2.415
-0.649984,-0.213194,2.415
-0.61822,-0.214694,2.432
-0.581881,-0.214694,2.432
-0.537915,-0.211693,2.398
0.627043,-0.205955,2.333
0.661903,-0.205955,2.333
0.696763,-0.205955,2.333
0.726605,-0.204542,2.317
0.761226,-0.204542,2.317
0.790351,-0.20313,2.301
0.836202,-0.205955,2.333
0.871062,-0.205955,2.333
0.893496,-0.20313,2.301
0.93433,-0.204542,2.317
0.968951,-0.204542,2.317
0.996642,-0.20313,2.301
1.03102,-0.20313,2.301
1.05846,-0.201806,2.286
1.09979,-0.20313,2.301
1.12678,-0.201806,2.286
1.16093,-0.201806,2.286
1.18725,-0.200481,2.271
-1.3342,-0.172516,2.349
-1.2991,-0.172516,2.349
-1.264,-0.172516,2.349
-1.2289,-0.172516,2.349
-1.18567,-0.171341,2.333
-1.1666,-0.173691,2.365
-1.12361,-0.172516,2.349
-1.09592,-0.173691,2.365
-1.04623,-0.171341,2.333
-1.01831,-0.172516,2.349
-0.98321,-0.172516,2.349
-0.954569,-0.173691,2.365
-0.913013,-0.172516,2.349
-0.877914,-0.172516,2.349
-0.842815,-0.172516,2.349
-0.802214,-0.171341,2.333
-0.777879,-0.173691,2.365
-0.737518,-0.172516,2.349
-0.702419,-0.172516,2.349
-0.66732,-0.172516,2.349
-0.632221,-0.172516,2.349
-0.601189,-0.173691,2.365
-0.565851,-0.173691,2.365
-0.526924,-0.172516,2.349
0.61441,-0.167889,2.286
0.644312,-0.166787,2.271
0.678246,-0.166787,2.271
0.707475,-0.165685,2.256
0.746113,-0.166787,2.271
0.780046,-0.166787,2.271
0.81398,-0.166787,2.271
0.847913,-0.166787,2.271
0.870198,-0.164584,2.241
0.909732,-0.165685,2.256
0.943441,-0.165685,2.256
0.970653,-0.164584,2.241
0.997418,-0.163482,2.226
1.03068,-0.163482,2.226
1.07111,-0.164584,2.241
1.0972,-0.163482,2.226
1.13046,-0.163482,2.226
1.16372,-0.163482,2.226
-1.30694,-0.134851,2.301
-1.26426,-0.133972,2.286
-1.2301,-0.133972,2.286
-1.20379,-0.134851,2.301
-1.16941,-0.134851,2.301
-1.12763,-0.133972,2.286
-1.10065,-0.134851,2.301
-1.06626,-0.134851,2.301
-1.03188,-0.134851,2.301
-0.990999,-0.133972,2.286
-0.963119,-0.134851,2.301
-0.922683,-0.133972,2.286
-0.894356,-0.134851,2.301
-0.854368,-0.133972,2.286
-0.82021,-0.133972,2.286
-0.786053,-0.133972,2.286
-0.751895,-0.133972,2.286
-0.722447,-0.134851,2.301
-0.68358,-0.133972,2.286
-0.649422,-0.133972,2.286
-0.615264,-0.133972,2.286
-0.58492,-0.134851,2.301
-0.550538,-0.134851,2.301
-0.516156,-0.134851,2.301
0.598284,-0.130456,2.226
0.631545,-0.130456,2.226
0.660625,-0.129635,2.212
0.693677,-0.129635,2.212
0.731329,-0.130456,2.226
0.76459,-0.130456,2.226
0.792833,-0.129635,2.212
0.825885,-0.129635,2.212
0.8535,-0.128815,2.198
0.886343,-0.128815,2.198
0.919186,-0.128815,2.198
0.952029,-0.128815,2.198
0.978598,-0.127994,2.184
1.01771,-0.128815,2.198
1.05056,-0.128815,2.198
1.0834,-0.128815,2.198
1.10202,-0.127174,2.17
1.14177,-0.127994,2.184
-1.26434,-0.0974288,2.226
-1.23108,-0.0974288,2.226
-1.19782,-0.0974288,2.226
-1.1724,-0.0980853,2.241
-1.13129,-0.0974288,2.226
-1.10543,-0.0980853,2.241
-1.07195,-0.0980853,2.241
-1.04541,-0.0987419,2.256
-0.998249,-0.0974288,2.226
-0.958919,-0.096816,2.212
-0.938005,-0.0980853,2.241
-0.90452,-0.0980853,2.241
-0.865205,-0.0974288,2.226
-0.831944,-0.0974288,2.226
-0.798683,-0.0974288,2.226
-0.760607,-0.096816,2.212
-0.737094,-0.0980853,2.241
-0.703609,-0.0980853,2.241
-0.670123,-0.0980853,2.241
-0.636638,-0.0980853,2.241
-0.599116,-0.0974288,2.226
-0.569668,-0.0980853,2.241
-0.539771,-0.0987419,2.256
-0.502697,-0.0980853,2.241
0.583233,-0.0949778,2.17
0.615657,-0.0949778,2.17
0.648082,-0.0949778,2.17
0.680506,-0.0949778,2.17
0.71753,-0.0955905,2.184
0.745355,-0.0949778,2.17
0.777779,-0.0949778,2.17
0.800123,-0.093796,2.143
0.842628,-0.0949778,2.17
0.869407,-0.094365,2.156
0.896185,-0.093796,2.143
0.928206,-0.093796,2.143
0.953954,-0.0931833,2.129
0.985766,-0.0931833,2.129
1.01758,-0.0931833,2.129
1.04939,-0.0931833,2.129
1.0746,-0.0926143,2.116
1.11301,-0.0931833,2.129
-1.24048,-0.063187,2.184
-1.20011,-0.0627819,2.17
-1.17522,-0.063187,2.184
-1.14991,-0.063592,2.198
-1.10283,-0.0627819,2.17
-1.08422,-0.063592,2.198
-1.04468,-0.063187,2.184
-1.01205,-0.063187,2.184
-0.979414,-0.063187,2.184
-0.940712,-0.0627819,2.17
-0.914147,-0.063187,2.184
-0.875863,-0.0627819,2.17
-0.854322,-0.063592,2.198
-0.816247,-0.063187,2.184
-0.783613,-0.063187,2.184
-0.746166,-0.0627819,2.17
-0.718346,-0.063187,2.184
-0.685712,-0.063187,2.184
-0.648892,-0.0627819,2.17
-0.616468,-0.0627819,2.17
-0.587812,-0.063187,2.184
-0.555178,-0.063187,2.184
-0.522545,-0.063187,2.184
-0.489911,-0.063187,2.184
0.537102,-0.0612196,2.116
0.572213,-0.0615957,2.129
0.600337,-0.0612196,2.116
0.631954,-0.0612196,2.116
0.659495,-0.0608435,2.103
0.695189,-0.0612196,2.116
0.726807,-0.0612196,2.116
0.758424,-0.0612196,2.116
0.790042,-0.0612196,2.116
0.821659,-0.0612196,2.116
0.853277,-0.0612196,2.116
0.879458,-0.0608435,2.103
0.90525,-0.0604674,2.09
0.936479,-0.0604674,2.09
0.967708,-0.0604674,2.09
0.993202,-0.0601202,2.078
1.02425,-0.0601202,2.078
1.0553,-0.0601202,2.078
1.09262,-0.0604674,2.09
-1.20186,-0.0298249,2.116
-1.17743,-0.0300082,2.129
-1.15315,-0.0302055,2.143
-1.11381,-0.0300082,2.129
-1.082,-0.0300082,2.129
-1.05709,-0.0302055,2.143
-1.02507,-0.0302055,2.143
-0.980537,-0.0298249,2.116
-0.94892,-0.0298249,2.116
-0.917302,-0.0298249,2.116
-0.891126,-0.0300082,2.129
-0.864965,-0.0302055,2.143
-0.827503,-0.0300082,2.129
-0.795691,-0.0300082,2.129
-0.759215,-0.0298249,2.116
-0.732067,-0.0300082,2.129
-0.700256,-0.0300082,2.129
-0.668444,-0.0300082,2.129
-0.632745,-0.0298249,2.116
-0.60482,-0.0300082,2.129
-0.573009,-0.0300082,2.129
-0.544756,-0.0302055,2.143
-0.512735,-0.0302055,2.143
-0.477574,-0.0300082,2.129
-0.445762,-0.0300082,2.129
0.530502,-0.0294585,2.09
0.558506,-0.0292893,2.078
0.589556,-0.0292893,2.078
0.620605,-0.0292893,2.078
0.647578,-0.0291061,2.065
0.682705,-0.0292893,2.078
0.709289,-0.0291061,2.065
0.740145,-0.0291061,2.065
0.76652,-0.028937,2.053
0.801856,-0.0291061,2.065
0.827872,-0.028937,2.053
0.858548,-0.028937,2.053
0.883593,-0.0287537,2.04
0.914075,-0.0287537,2.04
0.944557,-0.0287537,2.04
0.969304,-0.0285846,2.028
1.00552,-0.0287537,2.04
1.02991,-0.0285846,2.028
1.06648,-0.0287537,2.04
-1.18028,0.00154152,2.078
-1.14923,0.00154152,2.078
-1.12463,0.00155042,2.09
-1.08713,0.00154152,2.078
-1.05608,0.00154152,2.078
-1.03095,0.00155042,2.09
-0.999718,0.00155042,2.09
-0.968489,0.00155042,2.09
-0.931879,0.00154152,2.078
-0.906031,0.00155042,2.09
-0.874802,0.00155042,2.09
-0.843573,0.00155042,2.09
-0.80768,0.00154152,2.078
-0.77663,0.00154152,2.078
-0.740916,0.00153188,2.065
-0.710061,0.00153188,2.065
-0.683481,0.00154152,2.078
-0.652431,0.00154152,2.078
-0.621382,0.00154152,2.078
-0.590332,0.00154152,2.078
-0.559282,0.00154152,2.078
-0.528233,0.00154152,2.078
-0.497183,0.00154152,2.078
-0.466133,0.00154152,2.078
-0.432362,0.00153188,2.065
0.517811,0.00151333,2.04
0.545068,0.00150443,2.028
0.57537,0.00150443,2.028
0.605673,0.00150443,2.028
0.632212,0.00149553,2.016
0.666278,0.00150443,2.028
0.696581,0.00150443,2.028
0.722582,0.00149553,2.016
0.752705,0.00149553,2.016
0.778557,0.00148737,2.005
0.817791,0.00150443,2.028
0.838475,0.00148737,2.005
0.863236,0.00147846,1.993
0.887639,0.00146956,1.981
0.922795,0.00147846,1.993
0.952575,0.00147846,1.993
0.98827,0.00148737,2.005
1.01213,0.00147846,1.993
1.04191,0.00147846,1.993
-1.15869,0.0317804,2.04
-1.12157,0.0315934,2.028
-1.09127,0.0315934,2.028
-1.06725,0.0317804,2.04
-1.03067,0.0315934,2.028
-1.00628,0.0317804,2.04
-0.975801,0.0317804,2.04
-0.951343,0.0319829,2.053
-0.914837,0.0317804,2.04
-0.879154,0.0315934,2.028
-0.853874,0.0317804,2.04
-0.818548,0.0315934,2.028
-0.788246,0.0315934,2.028
-0.762428,0.0317804,2.04
-0.727641,0.0315934,2.028
-0.697338,0.0315934,2.028
-0.670982,0.0317804,2.04
-0.636733,0.0315934,2.028
-0.60643,0.0315934,2.028
-0.576128,0.0315934,2.028
-0.545825,0.0315934,2.028
-0.518573,0.0317804,2.04
-0.488091,0.0317804,2.04
-0.454917,0.0315934,2.028
-0.427127,0.0317804,2.04
0.505881,0.0310482,1.993
0.532435,0.0308613,1.981
0.562036,0.0308613,1.981
0.591636,0.0308613,1.981
0.621236,0.0308613,1.981
0.650837,0.0308613,1.981
0.680437,0.0308613,1.981
0.706095,0.0306899,1.97
0.73553,0.0306899,1.97
0.764966,0.0306899,1.97
0.798838,0.0308613,1.981
0.823838,0.0306899,1.97
0.84851,0.0305185,1.959
0.877781,0.0305185,1.959
0.901497,0.0303316,1.947
0.936324,0.0305185,1.959
0.965596,0.0305185,1.959
0.994868,0.0305185,1.959
1.01787,0.0303316,1.947
-1.132,0.0606179,1.993
-1.10222,0.0606179,1.993
-1.07244,0.0606179,1.993
-1.03638,0.0602529,1.981
-1.00678,0.0602529,1.981
-0.983099,0.0606179,1.993
-0.95906,0.0609829,2.005
-0.92354,0.0606179,1.993
-0.89376,0.0606179,1.993
-0.863981,0.0606179,1.993
-0.839224,0.0609829,2.005
-0.799578,0.0602529,1.981
-0.774642,0.0606179,1.993
-0.740377,0.0602529,1.981
-0.70683,0.0599184,1.97
-0.681177,0.0602529,1.981
-0.651577,0.0602529,1.981
-0.621976,0.0602529,1.981
-0.592376,0.0602529,1.981
-0.562776,0.0602529,1.981
-0.533175,0.0602529,1.981
-0.506626,0.0606179,1.993
-0.476846,0.0606179,1.993
-0.444374,0.0602529,1.981
-0.414774,0.0602529,1.981
-0.385174,0.0602529,1.981
0.497251,0.0595838,1.959
0.526522,0.0595838,1.959
0.552389,0.0592188,1.947
0.578196,0.0588842,1.936
0.607124,0.0588842,1.936
0.639666,0.0592188,1.947
0.66498,0.0588842,1.936
0.690324,0.0585801,1.926
0.719102,0.0585801,1.926
0.747881,0.0585801,1.926
0.780692,0.0588842,1.936
0.800838,0.0582455,1.915
0.838548,0.0588842,1.936
0.853137,0.057911,1.904
0.881587,0.057911,1.904
0.920552,0.0585801,1.926
0.938486,0.057911,1.904
0.966936,0.057911,1.904
0.995386,0.057911,1.904
-1.10587,0.0881061,1.947
-1.07678,0.0881061,1.947
-1.04769,0.0881061,1.947
-1.01284,0.0876083,1.936
-0.989501,0.0881061,1.947
-0.966328,0.0886491,1.959
-0.931316,0.0881061,1.947
-0.902224,0.0881061,1.947
-0.873132,0.0881061,1.947
-0.839271,0.0876083,1.936
-0.814947,0.0881061,1.947
-0.785855,0.0881061,1.947
-0.756763,0.0881061,1.947
-0.723559,0.0876083,1.936
-0.698578,0.0881061,1.947
-0.665703,0.0876083,1.936
-0.640394,0.0881061,1.947
-0.611301,0.0881061,1.947
-0.582209,0.0881061,1.947
-0.553117,0.0881061,1.947
-0.521064,0.0876083,1.936
-0.494932,0.0881061,1.947
-0.46584,0.0881061,1.947
-0.436748,0.0881061,1.947
-0.407655,0.0881061,1.947
-0.376424,0.0876083,1.936
-0.347496,0.0876083,1.936
0.486082,0.086658,1.915
0.51174,0.0861602,1.904
0.54019,0.0861602,1.904
0.565653,0.0857077,1.894
0.593953,0.0857077,1.894
0.625539,0.0861602,1.904
0.650554,0.0857077,1.894
0.682438,0.0861602,1.904
0.703048,0.0852099,1.883
0.7273,0.0847574,1.873
0.75932,0.0852099,1.883
0.792056,0.0857077,1.894
0.815591,0.0852099,1.883
0.843727,0.0852099,1.883
0.862603,0.0843049,1.863
0.899999,0.0852099,1.883
0.923206,0.0847574,1.873
0.951193,0.0847574,1.873
0.979179,0.0847574,1.873
-1.08145,0.114409,1.904
-1.053,0.114409,1.904
-1.02455,0.114409,1.904
-0.996097,0.114409,1.904
-0.967647,0.114409,1.904
-0.944624,0.11507,1.915
-0.916009,0.11507,1.915
-0.882298,0.114409,1.904
-0.858781,0.11507,1.915
-0.825399,0.114409,1.904
-0.801553,0.11507,1.915
-0.777379,0.115731,1.926
-0.740049,0.114409,1.904
-0.707862,0.113809,1.894
-0.68315,0.114409,1.904
-0.651262,0.113809,1.894
-0.62625,0.114409,1.904
-0.5978,0.114409,1.904
-0.569351,0.114409,1.904
-0.53806,0.113809,1.894
-0.50976,0.113809,1.894
-0.484002,0.114409,1.904
-0.455552,0.114409,1.904
-0.427102,0.114409,1.904
-0.398652,0.114409,1.904
-0.368258,0.113809,1.894
-0.339958,0.113809,1.894
-0.313303,0.114409,1.904
0.475422,0.112547,1.873
0.503408,0.112547,1.873
0.528557,0.111946,1.863
0.556395,0.111946,1.863
0.581096,0.111345,1.853
0.612069,0.111946,1.863
0.636471,0.111345,1.853
0.664159,0.111345,1.853
0.688113,0.110744,1.843
0.715651,0.110744,1.843
0.747222,0.111345,1.853
0.766546,0.110143,1.833
0.798266,0.110744,1.843
0.821324,0.110143,1.833
0.844082,0.109542,1.823
0.876101,0.110143,1.833
0.90349,0.110143,1.833
0.930879,0.110143,1.833
0.95304,0.109542,1.823
-1.06384,0.140336,1.873
-1.03032,0.139587,1.863
-0.997104,0.138838,1.853
-0.969416,0.138838,1.853
-0.94681,0.139587,1.863
-0.918973,0.139587,1.863
-0.891136,0.139587,1.863
-0.863299,0.139587,1.863
-0.835462,0.139587,1.863
-0.807625,0.139587,1.863
-0.783973,0.140336,1.873
-0.751951,0.139587,1.863
-0.728,0.140336,1.873
-0.696276,0.139587,1.863
-0.668439,0.139587,1.863
-0.637163,0.138838,1.853
-0.612765,0.139587,1.863
-0.588067,0.140336,1.873
-0.5541,0.138838,1.853
-0.529253,0.139587,1.863
-0.501416,0.139587,1.863
-0.473579,0.139587,1.863
-0.445742,0.139587,1.863
-0.417905,0.139587,1.863
-0.390068,0.139587,1.863
-0.362231,0.139587,1.863
-0.332599,0.138838,1.853
-0.306556,0.139587,1.863
-0.278719,0.139587,1.863
-0.249536,0.138838,1.853
0.465268,0.137339,1.833
0.492657,0.137339,1.833
0.520046,0.137339,1.833
0.544448,0.13659,1.823
0.571688,0.13659,1.823
0.598927,0.13659,1.823
0.626167,0.13659,1.823
0.653406,0.13659,1.823
0.676912,0.13584,1.813
0.700507,0.135166,1.804
0.731092,0.13584,1.813
0.758182,0.13584,1.813
0.781374,0.135166,1.804
0.808329,0.135166,1.804
0.835285,0.135166,1.804
0.857461,0.134417,1.794
0.884267,0.134417,1.794
0.911073,0.134417,1.794
0.937879,0.134417,1.794
-1.04112,0.164535,1.833
-1.0082,0.163637,1.823
-0.986342,0.164535,1.833
-0.953721,0.163637,1.823
-0.926482,0.163637,1.823
-0.904175,0.164535,1.833
-0.876786,0.164535,1.833
-0.849397,0.164535,1.833
-0.822008,0.164535,1.833
-0.790284,0.163637,1.823
-0.767231,0.164535,1.833
-0.739842,0.164535,1.833
-0.712453,0.164535,1.833
-0.681327,0.163637,1.823
-0.654087,0.163637,1.823
-0.623409,0.16274,1.813
-0.599608,0.163637,1.823
-0.572369,0.163637,1.823
-0.542139,0.16274,1.813
-0.515049,0.16274,1.813
-0.487959,0.16274,1.813
-0.465953,0.164535,1.833
-0.436172,0.163637,1.823
-0.408932,0.163637,1.823
-0.381693,0.163637,1.823
-0.354453,0.163637,1.823
-0.325419,0.16274,1.813
-0.299974,0.163637,1.823
-0.272735,0.163637,1.823
-0.245496,0.163637,1.823
0.430952,0.161932,1.804
0.455369,0.161034,1.794
0.482175,0.161034,1.794
0.506428,0.160226,1.785
0.533099,0.160226,1.785
0.562594,0.161034,1.794
0.5894,0.161034,1.794
0.616206,0.161034,1.794
0.639786,0.160226,1.785
0.663097,0.159418,1.776
0.689635,0.159418,1.776
0.719801,0.160226,1.785
0.742709,0.159418,1.776
0.769246,0.159418,1.776
0.791303,0.158521,1.766
0.81769,0.158521,1.766
0.839776,0.157713,1.757
0.861594,0.156905,1.748
0.892283,0.157713,1.757
0.913831,0.156905,1.748
-1.01897,0.187651,1.794
-0.987184,0.18671,1.785
-0.960513,0.18671,1.785
-0.933841,0.18671,1.785
-0.907169,0.18671,1.785
-0.884937,0.187651,1.794
-0.858131,0.187651,1.794
-0.831325,0.187651,1.794
-0.804519,0.187651,1.794
-0.773811,0.18671,1.785
-0.750907,0.187651,1.794
-0.720468,0.18671,1.785
-0.697294,0.187651,1.794
-0.667125,0.18671,1.785
-0.637224,0.185769,1.776
-0.613781,0.18671,1.785
-0.58711,0.18671,1.785
-0.560438,0.18671,1.785
-0.536458,0.187651,1.794
-0.507095,0.18671,1.785
-0.480423,0.18671,1.785
-0.453751,0.18671,1.785
-0.42708,0.18671,1.785
-0.400408,0.18671,1.785
-0.373736,0.18671,1.785
-0.347065,0.18671,1.785
-0.320393,0.18671,1.785
-0.293722,0.18671,1.785
-0.26705,0.18671,1.785
-0.240378,0.18671,1.785
-0.213707,0.18671,1.785
0.421874,0.184723,1.766
0.448262,0.184723,1.766
0.472231,0.183781,1.757
0.498484,0.183781,1.757
0.522049,0.18284,1.748
0.548168,0.18284,1.748
0.577244,0.183781,1.757
0.600406,0.18284,1.748
0.626524,0.18284,1.748
0.649283,0.181898,1.739
0.675267,0.181898,1.739
0.701252,0.181898,1.739
0.727236,0.181898,1.739
0.749755,0.181062,1.731
0.77562,0.181062,1.731
0.797317,0.18012,1.722
0.823048,0.18012,1.722
0.857157,0.181898,1.739
0.874508,0.18012,1.722
0.900239,0.18012,1.722
-0.997952,0.209849,1.757
-0.976676,0.210924,1.766
-0.940603,0.208774,1.748
-0.914484,0.208774,1.748
-0.892939,0.209849,1.757
-0.866686,0.209849,1.757
-0.840433,0.209849,1.757
-0.814179,0.209849,1.757
-0.787926,0.209849,1.757
-0.761673,0.209849,1.757
-0.73542,0.209849,1.757
-0.709166,0.209849,1.757
-0.682913,0.209849,1.757
-0.65666,0.209849,1.757
-0.627177,0.208774,1.748
-0.601059,0.208774,1.748
-0.5779,0.209849,1.757
-0.548821,0.208774,1.748
-0.522702,0.208774,1.748
-0.496583,0.208774,1.748
-0.468042,0.2077,1.739
-0.446634,0.209849,1.757
-0.42038,0.209849,1.757
-0.392108,0.208774,1.748
-0.36599,0.208774,1.748
-0.339871,0.208774,1.748
-0.313752,0.208774,1.748
-0.287633,0.208774,1.748
-0.261514,0.208774,1.748
-0.235396,0.208774,1.748
-0.208199,0.2077,1.739
-0.183158,0.208774,1.748
0.378019,0.201608,1.688
0.411363,0.205669,1.722
0.437093,0.205669,1.722
0.462824,0.205669,1.722
0.488554,0.205669,1.722
0.511596,0.204594,1.713
0.537192,0.204594,1.713
0.568702,0.206744,1.731
0.588384,0.204594,1.713
0.61398,0.204594,1.713
0.636589,0.203639,1.705
0.65857,0.202564,1.696
0.687541,0.203639,1.705
0.709254,0.202564,1.696
0.734595,0.202564,1.696
0.759937,0.202564,1.696
0.781575,0.201608,1.688
0.814922,0.203639,1.705
0.832019,0.201608,1.688
0.861304,0.202564,1.696
0.886646,0.202564,1.696
-0.978073,0.231218,1.722
-0.947365,0.23001,1.713
-0.921769,0.23001,1.713
-0.900882,0.231218,1.722
-0.870578,0.23001,1.713
-0.849421,0.231218,1.722
-0.827996,0.232427,1.731
-0.797961,0.231218,1.722
-0.77223,0.231218,1.722
-0.7465,0.231218,1.722
-0.72077,0.231218,1.722
-0.69504,0.231218,1.722
-0.669309,0.231218,1.722
-0.643579,0.231218,1.722
-0.617849,0.231218,1.722
-0.589024,0.23001,1.713
-0.569348,0.232427,1.731
-0.537832,0.23001,1.713
-0.512236,0.23001,1.713
-0.48664,0.23001,1.713
-0.461045,0.23001,1.713
-0.437737,0.231218,1.722
-0.412006,0.231218,1.722
-0.384257,0.23001,1.713
-0.358661,0.23001,1.713
-0.333066,0.23001,1.713
-0.30747,0.23001,1.713
-0.283355,0.231218,1.722
-0.256278,0.23001,1.713
-0.230682,0.23001,1.713
-0.205086,0.23001,1.713
-0.178652,0.228935,1.705
-0.153176,0.228935,1.705
-0.1277,0.228935,1.705
0.352796,0.226653,1.688
0.378019,0.226653,1.688
0.405152,0.227727,1.696
0.430494,0.227727,1.696
0.455836,0.227727,1.696
0.481177,0.227727,1.696
0.50413,0.226653,1.688
0.529352,0.226653,1.688
0.554574,0.226653,1.688
0.579797,0.226653,1.688
0.596058,0.223296,1.663
0.623894,0.22437,1.671
0.648862,0.22437,1.671
0.673831,0.22437,1.671
0.698799,0.22437,1.671
0.723767,0.22437,1.671
0.748735,0.22437,1.671
0.773704,0.22437,1.671
0.798672,0.22437,1.671
0.82364,0.22437,1.671
0.844545,0.223296,1.663
0.869394,0.223296,1.663
-0.958761,0.251697,1.688
-0.937963,0.25289,1.696
-0.912622,0.25289,1.696
-0.883094,0.251697,1.688
-0.857872,0.251697,1.688
-0.841036,0.254232,1.705
-0.811254,0.25289,1.696
-0.785913,0.25289,1.696
-0.756983,0.251697,1.688
-0.731761,0.251697,1.688
-0.706539,0.251697,1.688
-0.681316,0.251697,1.688
-0.656094,0.251697,1.688
-0.624518,0.249162,1.671
-0.602779,0.250504,1.68
-0.580427,0.251697,1.688
-0.555205,0.251697,1.688
-0.527471,0.250504,1.68
-0.502368,0.250504,1.68
-0.479538,0.251697,1.688
-0.452163,0.250504,1.68
-0.429094,0.251697,1.688
-0.403871,0.251697,1.688
-0.378649,0.251697,1.688
-0.351752,0.250504,1.68
-0.326649,0.250504,1.68
-0.299931,0.249162,1.671
-0.27776,0.251697,1.688
-0.251341,0.250504,1.68
-0.226238,0.250504,1.68
-0.201136,0.250504,1.68
-0.176033,0.250504,1.68
-0.151649,0.251697,1.688
-0.125827,0.250504,1.68
-0.100185,0.249162,1.671
0.296441,0.246777,1.655
0.322723,0.24797,1.663
0.345899,0.246777,1.655
0.370628,0.246777,1.655
0.397269,0.24797,1.663
0.420087,0.246777,1.655
0.446966,0.24797,1.663
0.469545,0.246777,1.655
0.491885,0.245584,1.647
0.516495,0.245584,1.647
0.541104,0.245584,1.647
0.565714,0.245584,1.647
0.587456,0.244391,1.639
0.611946,0.244391,1.639
0.633718,0.243347,1.632
0.660927,0.244391,1.639
0.685417,0.244391,1.639
0.709907,0.244391,1.639
0.734397,0.244391,1.639
0.755646,0.243347,1.632
0.780031,0.243347,1.632
0.804417,0.243347,1.632
0.828802,0.243347,1.632
0.853188,0.243347,1.632
-0.935474,0.27002,1.647
-0.915289,0.271332,1.655
-0.890559,0.271332,1.655
-0.86583,0.271332,1.655
-0.845167,0.272643,1.663
-0.816372,0.271332,1.655
-0.791643,0.271332,1.655
-0.766913,0.271332,1.655
-0.745772,0.272643,1.663
-0.717455,0.271332,1.655
-0.696075,0.272643,1.663
-0.671226,0.272643,1.663
-0.643268,0.271332,1.655
-0.621528,0.272643,1.663
-0.593809,0.271332,1.655
-0.566329,0.27002,1.647
-0.54172,0.27002,1.647
-0.522134,0.272643,1.663
-0.494893,0.271332,1.655
-0.470163,0.271332,1.655
-0.443281,0.27002,1.647
-0.420705,0.271332,1.655
-0.394062,0.27002,1.647
-0.369452,0.27002,1.647
-0.344843,0.27002,1.647
-0.320233,0.27002,1.647
-0.295623,0.27002,1.647
-0.271014,0.27002,1.647
-0.246404,0.27002,1.647
-0.221794,0.27002,1.647
-0.197185,0.27002,1.647
-0.171737,0.268708,1.639
-0.147965,0.27002,1.647
-0.123356,0.27002,1.647
-0.0987462,0.27002,1.647
-0.0737764,0.268708,1.639
0.269085,0.268708,1.639
0.292321,0.267561,1.632
0.316707,0.267561,1.632
0.342555,0.268708,1.639
0.363686,0.266249,1.624
0.389863,0.267561,1.632
0.414249,0.267561,1.632
0.436484,0.266249,1.624
0.46075,0.266249,1.624
0.482627,0.264938,1.616
0.506773,0.264938,1.616
0.53092,0.264938,1.616
0.555066,0.264938,1.616
0.576704,0.26379,1.609
0.600745,0.26379,1.609
0.624787,0.26379,1.609
0.645603,0.262478,1.601
0.675798,0.264938,1.616
0.696913,0.26379,1.609
0.720955,0.26379,1.609
0.744996,0.26379,1.609
0.769038,0.26379,1.609
0.79308,0.26379,1.609
0.817122,0.26379,1.609
0.836981,0.262478,1.601
-0.92241,0.290344,1.624
-0.902569,0.291774,1.632
-0.873878,0.290344,1.624
-0.849612,0.290344,1.624
-0.825346,0.290344,1.624
-0.805026,0.291774,1.632
-0.780641,0.291774,1.632
-0.759499,0.293026,1.639
-0.728282,0.290344,1.624
-0.704016,0.290344,1.624
-0.683099,0.291774,1.632
-0.655484,0.290344,1.624
-0.631218,0.290344,1.624
-0.606953,0.290344,1.624
-0.582687,0.290344,1.624
-0.55567,0.288914,1.616
-0.536786,0.291774,1.632
-0.509889,0.290344,1.624
-0.485623,0.290344,1.624
-0.459084,0.288914,1.616
-0.434938,0.288914,1.616
-0.410791,0.288914,1.616
-0.388559,0.290344,1.624
-0.364293,0.290344,1.624
-0.338352,0.288914,1.616
-0.314205,0.288914,1.616
-0.290059,0.288914,1.616
-0.267229,0.290344,1.624
-0.242963,0.290344,1.624
-0.21762,0.288914,1.616
-0.193473,0.288914,1.616
-0.169327,0.288914,1.616
-0.14518,0.288914,1.616
-0.121633,0.290344,1.624
-0.0968876,0.288914,1.616
-0.0731012,0.290344,1.624
-0.0481436,0.286232,1.601
0.240118,0.287662,1.609
0.26416,0.287662,1.609
0.288201,0.287662,1.609
0.310691,0.286232,1.601
0.334613,0.286232,1.601
0.356968,0.284981,1.594
0.380786,0.284981,1.594
0.404603,0.284981,1.594
0.428421,0.284981,1.594
0.452239,0.284981,1.594
0.476056,0.284981,1.594
0.499874,0.284981,1.594
0.518764,0.282299,1.579
0.542357,0.282299,1.579
0.565951,0.282299,1.579
0.589544,0.282299,1.579
0.613138,0.282299,1.579
0.639554,0.28355,1.586
0.660325,0.282299,1.579
0.683919,0.282299,1.579
0.707512,0.282299,1.579
0.727865,0.281047,1.572
0.754699,0.282299,1.579
0.781743,0.28355,1.586
0.801887,0.282299,1.579
0.817638,0.279617,1.564
-0.909346,0.309986,1.601
-0.881553,0.308631,1.594
-0.857735,0.308631,1.594
-0.833917,0.308631,1.594
-0.8101,0.308631,1.594
-0.786282,0.308631,1.594
-0.765813,0.309986,1.601
-0.74189,0.309986,1.601
-0.714829,0.308631,1.594
-0.694046,0.309986,1.601
-0.670123,0.309986,1.601
-0.646201,0.309986,1.601
-0.622279,0.309986,1.601
-0.598357,0.309986,1.601
-0.574434,0.309986,1.601
-0.548105,0.308631,1.594
-0.524287,0.308631,1.594
-0.502667,0.309986,1.601
-0.47426,0.307082,1.586
-0.450561,0.307082,1.586
-0.426863,0.307082,1.586
-0.405199,0.308631,1.594
-0.381381,0.308631,1.594
-0.357563,0.308631,1.594
-0.333746,0.308631,1.594
-0.308372,0.307082,1.586
-0.283418,0.305726,1.579
-0.260976,0.307082,1.586
-0.238475,0.308631,1.594
-0.21358,0.307082,1.586
-0.189882,0.307082,1.586
-0.16545,0.305726,1.579
-0.143204,0.308631,1.594
-0.118787,0.307082,1.586
-0.0946692,0.305726,1.579
-0.0713908,0.307082,1.586
-0.0474821,0.305726,1.579
-0.0239944,0.307082,1.586
0.164129,0.304371,1.572
0.188454,0.305726,1.579
0.212047,0.305726,1.579
0.235641,0.305726,1.579
0.260384,0.307082,1.586
0.282828,0.305726,1.579
0.305063,0.304371,1.572
0.32688,0.302822,1.564
0.350249,0.302822,1.564
0.37553,0.304371,1.572
0.399019,0.304371,1.572
0.420358,0.302822,1.564
0.443727,0.302822,1.564
0.467097,0.302822,1.564
0.490466,0.302822,1.564
0.513836,0.302822,1.564
0.534801,0.301467,1.557
0.558066,0.301467,1.557
0.578717,0.300111,1.55
0.601877,0.300111,1.55
0.625037,0.300111,1.55
0.651125,0.301467,1.557
0.67439,0.301467,1.557
0.694518,0.300111,1.55
0.717678,0.300111,1.55
0.744184,0.301467,1.557
0.767449,0.301467,1.557
0.787159,0.300111,1.55
0.810319,0.300111,1.55
-0.916364,0.327694,1.572
-0.896851,0.329154,1.579
-0.869386,0.327694,1.572
-0.845897,0.327694,1.572
-0.822408,0.327694,1.572
-0.798919,0.327694,1.572
-0.778883,0.329154,1.579
-0.751941,0.327694,1.572
-0.728452,0.327694,1.572
-0.704963,0.327694,1.572
-0.684509,0.329154,1.579
-0.660915,0.329154,1.579
-0.637321,0.329154,1.579
-0.611007,0.327694,1.572
-0.584528,0.326027,1.564
-0.561159,0.326027,1.564
-0.537789,0.326027,1.564
-0.517051,0.327694,1.572
-0.493562,0.327694,1.572
-0.467681,0.326027,1.564
-0.442323,0.324567,1.557
-0.419058,0.324567,1.557
-0.397573,0.326027,1.564
-0.372528,0.324567,1.557
-0.349264,0.324567,1.557
-0.325999,0.324567,1.557
-0.302734,0.324567,1.557
-0.279469,0.324567,1.557
-0.256204,0.324567,1.557
-0.232939,0.324567,1.557
-0.209674,0.324567,1.557
-0.18641,0.324567,1.557
-0.163145,0.324567,1.557
-0.140509,0.326027,1.564
-0.117139,0.326027,1.564
-0.0933502,0.324567,1.557
-0.0700854,0.324567,1.557
-0.0468205,0.324567,1.557
-0.0236616,0.326027,1.564
-0.000290828,0.324567,1.557
0.11499,0.321649,1.543
0.139298,0.324567,1.557
0.161832,0.323108,1.55
0.184993,0.323108,1.55
0.208153,0.323108,1.55
0.231313,0.323108,1.55
0.254473,0.323108,1.55
0.27638,0.321649,1.543
0.300794,0.323108,1.55
0.322491,0.321649,1.543
0.345547,0.321649,1.543
0.368602,0.321649,1.543
0.391658,0.321649,1.543
0.412832,0.32019,1.536
0.435783,0.32019,1.536
0.458734,0.32019,1.536
0.481685,0.32019,1.536
0.504637,0.32019,1.536
0.525183,0.318731,1.529
0.54803,0.318731,1.529
0.568636,0.31748,1.523
0.588675,0.316021,1.516
0.616569,0.318731,1.529
0.639416,0.318731,1.529
0.659663,0.31748,1.523
0.68242,0.31748,1.523
0.705177,0.31748,1.523
0.734147,0.32019,1.536
0.753648,0.318731,1.529
0.773447,0.31748,1.523
0.796204,0.31748,1.523
-0.899459,0.344542,1.543
-0.880379,0.346105,1.55
-0.853348,0.344542,1.543
-0.826525,0.342979,1.536
-0.803574,0.342979,1.536
-0.784181,0.344542,1.543
-0.764578,0.346105,1.55
-0.738069,0.344542,1.543
-0.71177,0.342979,1.536
-0.691958,0.344542,1.543
-0.668902,0.344542,1.543
-0.645847,0.344542,1.543
-0.622791,0.344542,1.543
-0.599735,0.344542,1.543
-0.57668,0.344542,1.543
-0.551112,0.342979,1.536
-0.528161,0.342979,1.536
-0.507513,0.344542,1.543
-0.484457,0.344542,1.543
-0.459308,0.342979,1.536
-0.436357,0.342979,1.536
-0.413406,0.342979,1.536
-0.394014,0.346105,1.55
-0.367504,0.342979,1.536
-0.344553,0.342979,1.536
-0.321602,0.342979,1.536
-0.298651,0.342979,1.536
-0.274443,0.341416,1.529
-0.251597,0.341416,1.529
-0.229798,0.342979,1.536
-0.205904,0.341416,1.529
-0.183057,0.341416,1.529
-0.160944,0.342979,1.536
-0.137993,0.342979,1.536
-0.115042,0.342979,1.536
-0.0920912,0.342979,1.536
-0.0691401,0.342979,1.536
-0.0457981,0.340076,1.523
-0.023238,0.342979,1.536
-0.000286906,0.342979,1.536
0.0225609,0.341416,1.529
0.0907428,0.340076,1.523
0.113947,0.341416,1.529
0.136793,0.341416,1.529
0.159013,0.340076,1.523
0.18177,0.340076,1.523
0.204527,0.340076,1.523
0.227284,0.340076,1.523
0.251026,0.341416,1.529
0.272797,0.340076,1.523
0.295554,0.340076,1.523
0.316848,0.338513,1.516
0.3395,0.338513,1.516
0.363825,0.340076,1.523
0.384805,0.338513,1.516
0.407457,0.338513,1.516
0.428123,0.33695,1.509
0.450671,0.33695,1.509
0.473218,0.33695,1.509
0.498066,0.338513,1.516
0.516253,0.335611,1.503
0.540861,0.33695,1.509
0.561169,0.335611,1.503
0.580908,0.334047,1.496
0.608504,0.33695,1.509
0.628543,0.335611,1.503
0.651,0.335611,1.503
0.670322,0.334047,1.496
0.695916,0.335611,1.503
0.718374,0.335611,1.503
0.740832,0.335611,1.503
0.76329,0.335611,1.503
0.782089,0.334047,1.496
-0.8878,0.362673,1.523
-0.865044,0.362673,1.523
-0.842287,0.362673,1.523
-0.811996,0.359339,1.509
-0.796773,0.362673,1.523
-0.774016,0.362673,1.523
-0.751259,0.362673,1.523
-0.731373,0.364102,1.529
-0.705746,0.362673,1.523
-0.682989,0.362673,1.523
-0.660232,0.362673,1.523
-0.642917,0.365769,1.536
-0.614718,0.362673,1.523
-0.589241,0.361006,1.516
-0.566589,0.361006,1.516
-0.541425,0.359339,1.509
-0.521284,0.361006,1.516
-0.49633,0.359339,1.509
-0.473782,0.359339,1.509
-0.451234,0.359339,1.509
-0.430675,0.361006,1.516
-0.406139,0.359339,1.509
-0.385371,0.361006,1.516
-0.362719,0.361006,1.516
-0.338496,0.359339,1.509
-0.317414,0.361006,1.516
-0.290873,0.356243,1.496
-0.26852,0.356243,1.496
-0.248306,0.359339,1.509
-0.22486,0.35791,1.503
-0.202403,0.35791,1.503
-0.179945,0.35791,1.503
-0.157487,0.35791,1.503
-0.135568,0.359339,1.509
-0.11302,0.359339,1.509
-0.0904724,0.359339,1.509
-0.0682398,0.361006,1.516
-0.0453771,0.359339,1.509
-0.0228295,0.359339,1.509
-0.00028317,0.361006,1.516
0.0221772,0.35791,1.503
0.0450213,0.361006,1.516
0.0667807,0.356243,1.496
0.0891341,0.356243,1.496
0.112009,0.35791,1.503
0.133841,0.356243,1.496
0.156194,0.356243,1.496
0.178548,0.356243,1.496
0.199961,0.354576,1.489
0.223254,0.356243,1.496
0.246757,0.35791,1.503
0.267961,0.356243,1.496
0.290315,0.356243,1.496
0.311205,0.354576,1.489
0.33211,0.353148,1.483
0.355702,0.354576,1.489
0.377951,0.354576,1.489
0.398587,0.353148,1.483
0.420747,0.353148,1.483
0.442906,0.353148,1.483
0.466946,0.354576,1.489
0.487224,0.353148,1.483
0.507322,0.351719,1.477
0.531542,0.353148,1.483
0.551461,0.351719,1.477
0.570812,0.350052,1.47
0.5956,0.351719,1.477
0.61767,0.351719,1.477
0.639739,0.351719,1.477
0.661808,0.351719,1.477
0.683878,0.351719,1.477
0.708815,0.353148,1.483
0.730974,0.353148,1.483
0.750086,0.351719,1.477
0.775293,0.353148,1.483
-0.867981,0.376668,1.489
-0.845732,0.376668,1.489
-0.823483,0.376668,1.489
-0.805001,0.378439,1.496
-0.778986,0.376668,1.489
-0.760294,0.378439,1.496
-0.734488,0.376668,1.489
-0.715588,0.378439,1.496
-0.693234,0.378439,1.496
-0.667742,0.376668,1.489
-0.648527,0.378439,1.496
-0.623244,0.376668,1.489
-0.603821,0.378439,1.496
-0.576414,0.375151,1.483
-0.556498,0.376668,1.489
-0.534249,0.376668,1.489
-0.512,0.376668,1.489
-0.487778,0.375151,1.483
-0.467503,0.376668,1.489
-0.44346,0.375151,1.483
-0.419596,0.373633,1.477
-0.399141,0.375151,1.483
-0.376982,0.375151,1.483
-0.353388,0.373633,1.477
-0.331318,0.373633,1.477
-0.309249,0.373633,1.477
-0.285818,0.371862,1.47
-0.263853,0.371862,1.47
-0.24304,0.373633,1.477
-0.220971,0.373633,1.477
-0.198901,0.373633,1.477
-0.176832,0.373633,1.477
-0.154762,0.373633,1.477
-0.133232,0.375151,1.483
-0.110623,0.373633,1.477
-0.0885538,0.373633,1.477
-0.0664843,0.373633,1.477
-0.0442043,0.371862,1.47
-0.0223454,0.373633,1.477
-0.000277006,0.375151,1.483
0.0216903,0.371862,1.47
0.0436552,0.371862,1.47
0.0656201,0.371862,1.47
0.087585,0.371862,1.47
0.110072,0.373633,1.477
0.132141,0.373633,1.477
0.15421,0.373633,1.477
0.175444,0.371862,1.47
0.197409,0.371862,1.47
0.219374,0.371862,1.47
0.242488,0.373633,1.477
0.263304,0.371862,1.47
0.285269,0.371862,1.47
0.307234,0.371862,1.47
0.329199,0.371862,1.47
0.34973,0.370344,1.464
0.371606,0.370344,1.464
0.393481,0.370344,1.464
0.413654,0.368826,1.458
0.437231,0.370344,1.464
0.459106,0.370344,1.464
0.480982,0.370344,1.464
0.500796,0.368826,1.458
0.522582,0.368826,1.458
0.546607,0.370344,1.464
0.568483,0.370344,1.464
0.590358,0.370344,1.464
0.607215,0.367309,1.452
0.634108,0.370344,1.464
0.653295,0.368826,1.458
0.672303,0.367309,1.452
0.696866,0.368826,1.458
0.715694,0.367309,1.452
0.740437,0.368826,1.458
0.762223,0.368826,1.458
-0.856905,0.393672,1.47
-0.831532,0.392065,1.464
-0.809657,0.392065,1.464
-0.79101,0.393672,1.47
-0.769046,0.393672,1.47
-0.747081,0.393672,1.47
-0.722156,0.392065,1.464
-0.703151,0.393672,1.47
-0.678406,0.392065,1.464
-0.659221,0.393672,1.47
-0.634655,0.392065,1.464
-0.618221,0.395547,1.477
-0.593327,0.393672,1.47
-0.566697,0.390458,1.458
-0.547154,0.392065,1.464
-0.520973,0.388852,1.452
-0.503404,0.392065,1.464
-0.479555,0.390458,1.458
-0.459653,0.392065,1.464
-0.43419,0.388852,1.452
-0.412494,0.388852,1.452
-0.392413,0.390458,1.458
-0.370627,0.390458,1.458
-0.348842,0.390458,1.458
-0.32571,0.388852,1.452
-0.304014,0.388852,1.452
-0.282318,0.388852,1.452
-0.260622,0.388852,1.452
-0.239914,0.390458,1.458
-0.218128,0.390458,1.458
-0.195535,0.388852,1.452
-0.173839,0.388852,1.452
-0.151409,0.386977,1.445
-0.130986,0.390458,1.458
-0.1092,0.390458,1.458
-0.0874147,0.390458,1.458
-0.065359,0.388852,1.452
-0.0436631,0.388852,1.452
-0.0220579,0.390458,1.458
-0.000272336,0.390458,1.458
0.0214247,0.388852,1.452
0.0429128,0.386977,1.445
0.0645041,0.386977,1.445
0.0865125,0.388852,1.452
0.108208,0.388852,1.452
0.129904,0.388852,1.452
0.1516,0.388852,1.452
0.172461,0.386977,1.445
0.194052,0.386977,1.445
0.216688,0.388852,1.452
0.238384,0.388852,1.452
0.26008,0.388852,1.452
0.280417,0.386977,1.445
0.300755,0.38537,1.439
0.322256,0.38537,1.439
0.345191,0.386977,1.445
0.36526,0.38537,1.439
0.386761,0.38537,1.439
0.408263,0.38537,1.439
0.427973,0.383763,1.433
0.451266,0.38537,1.439
0.472768,0.38537,1.439
0.492209,0.383763,1.433
0.513621,0.383763,1.433
0.535033,0.383763,1.433
0.554115,0.382156,1.427
0.577857,0.383763,1.433
0.599269,0.383763,1.433
0.620681,0.383763,1.433
0.642093,0.383763,1.433
0.663505,0.383763,1.433
0.684917,0.383763,1.433
0.703372,0.382156,1.427
0.727741,0.383763,1.433
0.746017,0.382156,1.427
-0.842332,0.408416,1.445
-0.820741,0.408416,1.445
-0.803021,0.410395,1.452
-0.777558,0.408416,1.445
-0.755967,0.408416,1.445
-0.737933,0.410395,1.452
-0.712784,0.408416,1.445
-0.691193,0.408416,1.445
-0.669601,0.408416,1.445
-0.64801,0.408416,1.445
-0.623818,0.40672,1.439
-0.607757,0.410395,1.452
-0.580814,0.40672,1.439
-0.561645,0.408416,1.445
-0.537811,0.40672,1.439
-0.516309,0.40672,1.439
-0.496871,0.408416,1.445
-0.473306,0.40672,1.439
-0.451804,0.40672,1.439
-0.428508,0.405024,1.433
-0.407096,0.405024,1.433
-0.385684,0.405024,1.433
-0.365797,0.40672,1.439
-0.344296,0.40672,1.439
-0.320102,0.403329,1.427
-0.29878,0.403329,1.427
-0.277457,0.403329,1.427
-0.256135,0.403329,1.427
-0.234813,0.403329,1.427
-0.21349,0.403329,1.427
-0.192168,0.403329,1.427
-0.170127,0.401633,1.421
-0.149523,0.403329,1.427
-0.12874,0.405024,1.433
-0.106878,0.403329,1.427
-0.085556,0.403329,1.427
-0.0639636,0.401633,1.421
-0.0429113,0.403329,1.427
-0.0215889,0.403329,1.427
-0.000267667,0.405024,1.433
0.0211444,0.405024,1.433
0.0425564,0.405024,1.433
0.0637006,0.403329,1.427
0.085023,0.403329,1.427
0.106345,0.403329,1.427
0.127668,0.403329,1.427
0.14899,0.403329,1.427
0.170312,0.403329,1.427
0.190829,0.401633,1.421
0.212957,0.403329,1.427
0.23428,0.403329,1.427
0.255602,0.403329,1.427
0.276924,0.403329,1.427
0.296993,0.401633,1.421
0.318225,0.401633,1.421
0.339458,0.401633,1.421
0.359168,0.399937,1.415
0.380311,0.399937,1.415
0.401454,0.399937,1.415
0.422597,0.399937,1.415
0.445622,0.401633,1.421
0.464883,0.399937,1.415
0.486026,0.399937,1.415
0.505377,0.398524,1.41
0.528312,0.399937,1.415
0.547514,0.398524,1.41
0.570599,0.399937,1.415
0.591742,0.399937,1.415
0.610719,0.398524,1.41
0.634028,0.399937,1.415
0.655171,0.399937,1.415
0.673924,0.398524,1.41
0.694992,0.398524,1.41
0.716061,0.398524,1.41
0.733993,0.396828,1.404
-0.831839,0.424501,1.427
-0.807109,0.422716,1.421
-0.785876,0.422716,1.421
-0.761415,0.420931,1.415
-0.740272,0.420931,1.415
-0.725227,0.424501,1.427
-0.700945,0.422716,1.421
-0.679713,0.422716,1.421
-0.66126,0.424501,1.427
-0.637247,0.422716,1.421
-0.616014,0.422716,1.421
-0.597293,0.424501,1.427
-0.571127,0.420931,1.415
-0.549984,0.420931,1.415
-0.528841,0.420931,1.415
-0.507698,0.420931,1.415
-0.486555,0.420931,1.415
-0.467385,0.422716,1.421
-0.444269,0.420931,1.415
-0.423126,0.420931,1.415
-0.401983,0.420931,1.415
-0.379494,0.419444,1.41
-0.359696,0.420931,1.415
-0.337357,0.419444,1.41
-0.314943,0.417659,1.404
-0.29522,0.419444,1.41
-0.272985,0.417659,1.404
-0.252007,0.417659,1.404
-0.232015,0.419444,1.41
-0.210947,0.419444,1.41
-0.189879,0.419444,1.41
-0.168092,0.417659,1.404
-0.147113,0.417659,1.404
-0.126674,0.419444,1.41
-0.105605,0.419444,1.41
-0.0845368,0.419444,1.41
-0.0634684,0.419444,1.41
-0.0424001,0.419444,1.41
-0.0214074,0.420931,1.415
-0.000263371,0.419444,1.41
0.0208788,0.420931,1.415
0.0416952,0.417659,1.404
0.0626739,0.417659,1.404
0.0832951,0.415874,1.398
0.104631,0.417659,1.404
0.126147,0.419444,1.41
0.147215,0.419444,1.41
0.166851,0.415874,1.398
0.18774,0.415874,1.398
0.21042,0.419444,1.41
0.230504,0.417659,1.404
0.251482,0.417659,1.404
0.272461,0.417659,1.404
0.29344,0.417659,1.404
0.313075,0.415874,1.398
0.335397,0.417659,1.404
0.354853,0.415874,1.398
0.375742,0.415874,1.398
0.394929,0.414089,1.392
0.415728,0.414089,1.392
0.438409,0.415874,1.398
0.457327,0.414089,1.392
0.478126,0.414089,1.392
0.498926,0.414089,1.392
0.519725,0.414089,1.392
0.540524,0.414089,1.392
0.561324,0.414089,1.392
0.584632,0.415874,1.398
0.602923,0.414089,1.392
0.623722,0.414089,1.392
0.644521,0.414089,1.392
0.665321,0.414089,1.392
0.683656,0.412602,1.387
0.70438,0.412602,1.387
0.719354,0.409329,1.376
-0.824844,0.441925,1.415
-0.797453,0.43849,1.404
-0.773156,0.436616,1.398
-0.752267,0.436616,1.398
-0.731378,0.436616,1.398
-0.710489,0.436616,1.398
-0.69256,0.43849,1.404
-0.668711,0.436616,1.398
-0.647822,0.436616,1.398
-0.626933,0.436616,1.398
-0.608645,0.43849,1.404
-0.587666,0.43849,1.404
-0.564266,0.436616,1.398
-0.543377,0.436616,1.398
-0.520245,0.434742,1.392
-0.499446,0.434742,1.392
-0.480709,0.436616,1.398
-0.457847,0.434742,1.392
-0.438931,0.436616,1.398
-0.416248,0.434742,1.392
-0.395449,0.434742,1.392
-0.374649,0.434742,1.392
-0.35385,0.434742,1.392
-0.33305,0.434742,1.392
-0.311129,0.43318,1.387
-0.291452,0.434742,1.392
-0.268513,0.431306,1.381
-0.247878,0.431306,1.381
-0.228231,0.43318,1.387
-0.207506,0.43318,1.387
-0.185973,0.431306,1.381
-0.165338,0.431306,1.381
-0.144703,0.431306,1.381
-0.124607,0.43318,1.387
-0.103883,0.43318,1.387
-0.0831578,0.43318,1.387
-0.0624331,0.43318,1.387
-0.0417085,0.43318,1.387
-0.0210594,0.434742,1.392
-0.000260008,0.434742,1.392
0.0205394,0.434742,1.392
0.0413388,0.434742,1.392
0.0616472,0.431306,1.381
0.0819843,0.429745,1.376
0.103364,0.43318,1.387
0.123552,0.431306,1.381
0.144187,0.431306,1.381
0.164822,0.431306,1.381
0.185457,0.431306,1.381
0.206988,0.43318,1.387
0.226727,0.431306,1.381
0.248437,0.43318,1.387
0.267998,0.431306,1.381
0.288633,0.431306,1.381
0.309268,0.431306,1.381
0.329903,0.431306,1.381
0.350538,0.431306,1.381
0.368216,0.427871,1.37
0.390389,0.429745,1.376
0.409158,0.427871,1.37
0.43151,0.429745,1.376
0.450099,0.427871,1.37
0.472631,0.429745,1.376
0.49104,0.427871,1.37
0.511511,0.427871,1.37
0.531982,0.427871,1.37
0.552452,0.427871,1.37
0.572923,0.427871,1.37
0.595993,0.429745,1.376
0.613864,0.427871,1.37
0.637113,0.429745,1.376
0.654806,0.427871,1.37
0.675276,0.427871,1.37
0.693208,0.426309,1.365
0.713604,0.426309,1.365
-0.811437,0.455395,1.392
-0.790637,0.455395,1.392
-0.760989,0.45016,1.376
-0.7372,0.448197,1.37
-0.71673,0.448197,1.37
-0.701849,0.451796,1.381
-0.678748,0.45016,1.376
-0.655317,0.448197,1.37
-0.639944,0.451796,1.381
-0.617067,0.45016,1.376
-0.598674,0.451796,1.381
-0.578039,0.451796,1.381
-0.555386,0.45016,1.376
-0.534826,0.45016,1.376
-0.514265,0.45016,1.376
-0.491552,0.448197,1.37
-0.473145,0.45016,1.376
-0.452584,0.45016,1.376
-0.43014,0.448197,1.37
-0.409669,0.448197,1.37
-0.389199,0.448197,1.37
-0.367382,0.446562,1.365
-0.348257,0.448197,1.37
-0.327787,0.448197,1.37
-0.306194,0.446562,1.365
-0.284542,0.444599,1.359
-0.264236,0.444599,1.359
-0.245007,0.446562,1.365
-0.224611,0.446562,1.365
-0.204215,0.446562,1.365
-0.183819,0.446562,1.365
-0.162704,0.444599,1.359
-0.142398,0.444599,1.359
-0.12308,0.448197,1.37
-0.102235,0.446562,1.365
-0.0818388,0.446562,1.365
-0.0616679,0.448197,1.37
-0.0410469,0.446562,1.365
-0.0207266,0.448197,1.37
-0.000255899,0.448197,1.37
0.020141,0.446562,1.365
0.040537,0.446562,1.365
0.0609329,0.446562,1.365
0.0809714,0.444599,1.359
0.101278,0.444599,1.359
0.121584,0.444599,1.359
0.14189,0.444599,1.359
0.162197,0.444599,1.359
0.183309,0.446562,1.365
0.203705,0.446562,1.365
0.224101,0.446562,1.365
0.243422,0.444599,1.359
0.263728,0.444599,1.359
0.284035,0.444599,1.359
0.304341,0.444599,1.359
0.32608,0.446562,1.365
0.344953,0.444599,1.359
0.36526,0.444599,1.359
0.384148,0.442963,1.354
0.404379,0.442963,1.354
0.424611,0.442963,1.354
0.444842,0.442963,1.354
0.463356,0.441327,1.349
0.483513,0.441327,1.349
0.50367,0.441327,1.349
0.525769,0.442963,1.354
0.543984,0.441327,1.349
0.564141,0.441327,1.349
0.586464,0.442963,1.354
0.606695,0.442963,1.354
0.626927,0.442963,1.354
0.647158,0.442963,1.354
0.661968,0.439364,1.343
0.682035,0.439364,1.343
0.702102,0.439364,1.343
-0.80211,0.470576,1.376
-0.775302,0.466814,1.365
-0.751587,0.464762,1.359
-0.731281,0.464762,1.359
-0.705743,0.461342,1.349
-0.688127,0.463052,1.354
-0.667896,0.463052,1.354
-0.650056,0.464762,1.359
-0.62975,0.464762,1.359
-0.607201,0.463052,1.354
-0.586969,0.463052,1.354
-0.571342,0.466814,1.365
-0.548524,0.464762,1.359
-0.524331,0.461342,1.349
-0.504174,0.461342,1.349
-0.484017,0.461342,1.349
-0.46558,0.463052,1.354
-0.445348,0.463052,1.354
-0.425117,0.463052,1.354
-0.404885,0.463052,1.354
-0.383233,0.461342,1.349
-0.363076,0.461342,1.349
-0.342919,0.461342,1.349
-0.322762,0.461342,1.349
-0.302605,0.461342,1.349
-0.281192,0.45929,1.343
-0.261125,0.45929,1.343
-0.242135,0.461342,1.349
-0.22099,0.45929,1.343
-0.200923,0.45929,1.343
-0.180183,0.45758,1.338
-0.16019,0.45758,1.338
-0.140198,0.45758,1.338
-0.120654,0.45929,1.343
-0.101036,0.461342,1.349
-0.0805198,0.45929,1.343
-0.0604526,0.45929,1.343
-0.0403853,0.45929,1.343
-0.0204089,0.461342,1.349
-0.000251977,0.461342,1.349
0.0198164,0.45929,1.343
0.0400618,0.461342,1.349
0.0599509,0.45929,1.343
0.0800181,0.45929,1.343
0.100085,0.45929,1.343
0.120689,0.461342,1.349
0.139698,0.45758,1.338
0.160287,0.45929,1.343
0.179683,0.45758,1.338
0.200422,0.45929,1.343
0.220489,0.45929,1.343
0.23966,0.45758,1.338
0.259653,0.45758,1.338
0.279645,0.45758,1.338
0.298518,0.45587,1.333
0.320825,0.45929,1.343
0.339623,0.45758,1.338
0.358272,0.45587,1.333
0.379608,0.45758,1.338
0.398107,0.45587,1.333
0.418025,0.45587,1.333
0.437943,0.45587,1.333
0.457861,0.45587,1.333
0.475987,0.45416,1.328
0.49583,0.45416,1.328
0.515673,0.45416,1.328
0.537532,0.45587,1.333
0.55745,0.45587,1.333
0.577368,0.45587,1.333
0.597286,0.45587,1.333
0.614888,0.45416,1.328
0.637121,0.45587,1.333
0.657039,0.45587,1.333
0.674418,0.45416,1.328
0.691124,0.452108,1.322
-0.789285,0.483141,1.354
-0.766214,0.481357,1.349
-0.748822,0.483141,1.354
-0.719981,0.477432,1.338
-0.697373,0.475648,1.333
-0.677455,0.475648,1.333
-0.655071,0.473863,1.328
-0.640011,0.477432,1.338
-0.620018,0.477432,1.338
-0.597783,0.475648,1.333
-0.577866,0.475648,1.333
-0.560041,0.477432,1.338
-0.540048,0.477432,1.338
-0.518112,0.475648,1.333
-0.496326,0.473863,1.328
-0.478277,0.475648,1.333
-0.458359,0.475648,1.333
-0.438441,0.475648,1.333
-0.416953,0.473863,1.328
-0.398605,0.475648,1.333
-0.377267,0.473863,1.328
-0.357424,0.473863,1.328
-0.338852,0.475648,1.333
-0.316302,0.471723,1.322
-0.299016,0.475648,1.333
-0.275748,0.469938,1.317
-0.257042,0.471723,1.322
-0.237288,0.471723,1.322
-0.218522,0.473863,1.328
-0.197781,0.471723,1.322
-0.178028,0.471723,1.322
-0.158275,0.471723,1.322
-0.137997,0.469938,1.317
-0.118768,0.471723,1.322
-0.0990142,0.471723,1.322
-0.0796205,0.473863,1.328
-0.0595073,0.471723,1.322
-0.0399343,0.473863,1.328
-0.0200912,0.473863,1.328
-0.000248054,0.473863,1.328
0.0195951,0.473863,1.328
0.0394382,0.473863,1.328
0.0590134,0.471723,1.322
0.0787669,0.471723,1.322
0.0989675,0.473863,1.328
0.118274,0.471723,1.322
0.138654,0.473863,1.328
0.158497,0.473863,1.328
0.176863,0.469938,1.317
0.196541,0.469938,1.317
0.217041,0.471723,1.322
0.236795,0.471723,1.322
0.255578,0.469938,1.317
0.274211,0.468154,1.312
0.294935,0.469938,1.317
0.314614,0.469938,1.317
0.334293,0.469938,1.317
0.352628,0.468154,1.312
0.372232,0.468154,1.312
0.391836,0.468154,1.312
0.41144,0.468154,1.312
0.431044,0.468154,1.312
0.450648,0.468154,1.312
0.470252,0.468154,1.312
0.487989,0.46637,1.307
0.50946,0.468154,1.312
0.53108,0.469938,1.317
0.548668,0.468154,1.312
0.570438,0.469938,1.317
0.587876,0.468154,1.312
0.60748,0.468154,1.312
0.624694,0.46637,1.307
0.649153,0.469938,1.317
0.663753,0.46637,1.307
0.680668,0.464586,1.302
-0.777044,0.495425,1.333
-0.754286,0.493567,1.328
-0.734443,0.493567,1.328
-0.708681,0.489478,1.317
-0.686386,0.48762,1.312
-0.669323,0.489478,1.317
-0.649645,0.489478,1.317
-0.629966,0.489478,1.317
-0.610287,0.489478,1.317
-0.590608,0.489478,1.317
-0.57093,0.489478,1.317
-0.551251,0.489478,1.317
-0.531572,0.489478,1.317
-0.508007,0.485762,1.307
-0.490346,0.48762,1.312
-0.468948,0.485762,1.307
-0.451138,0.48762,1.312
-0.431534,0.48762,1.312
-0.41193,0.48762,1.312
-0.390831,0.485762,1.307
-0.372722,0.48762,1.312
-0.351772,0.485762,1.307
-0.333514,0.48762,1.312
-0.31391,0.48762,1.312
-0.294306,0.48762,1.312
-0.274702,0.48762,1.312
-0.253153,0.483904,1.302
-0.234596,0.485762,1.307
-0.215067,0.485762,1.307
-0.195537,0.485762,1.307
-0.175335,0.483904,1.302
-0.156479,0.485762,1.307
-0.136425,0.483904,1.302
-0.11742,0.485762,1.307
-0.0978907,0.485762,1.307
-0.0783614,0.485762,1.307
-0.0588321,0.485762,1.307
-0.0393028,0.485762,1.307
-0.0198491,0.48762,1.312
-0.000244131,0.485762,1.307
0.0192852,0.485762,1.307
0.038666,0.483904,1.302
0.0583438,0.485762,1.307
0.0775753,0.483904,1.302
0.0974025,0.485762,1.307
0.116932,0.485762,1.307
0.135939,0.483904,1.302
0.155394,0.483904,1.302
0.174848,0.483904,1.302
0.194303,0.483904,1.302
0.213758,0.483904,1.302
0.233212,0.483904,1.302
0.252667,0.483904,1.302
0.271076,0.482045,1.297
0.290456,0.482045,1.297
0.311031,0.483904,1.302
0.329216,0.482045,1.297
0.348596,0.482045,1.297
0.365422,0.4787,1.288
0.384668,0.4787,1.288
0.406736,0.482045,1.297
0.426116,0.482045,1.297
0.443778,0.480187,1.292
0.463083,0.480187,1.292
0.482388,0.480187,1.292
0.501694,0.480187,1.292
0.523015,0.482045,1.297
0.542395,0.482045,1.297
0.561775,0.482045,1.297
0.581155,0.482045,1.297
0.59822,0.480187,1.292
0.619915,0.482045,1.297
0.63683,0.480187,1.292
0.649025,0.474984,1.278
0.668121,0.474984,1.278
-0.764802,0.507086,1.312
-0.745198,0.507086,1.312
-0.722829,0.505154,1.307
-0.697919,0.501289,1.297
-0.678539,0.501289,1.297
-0.659159,0.501289,1.297
-0.637313,0.499356,1.292
-0.618007,0.499356,1.292
-0.598702,0.499356,1.292
-0.579397,0.499356,1.292
-0.560092,0.499356,1.292
-0.540787,0.499356,1.292
-0.5235,0.501289,1.297
-0.50412,0.501289,1.297
-0.482871,0.499356,1.292
-0.463566,0.499356,1.292
-0.44598,0.501289,1.297
-0.4266,0.501289,1.297
-0.40565,0.499356,1.292
-0.386345,0.499356,1.292
-0.365904,0.49781,1.288
-0.347735,0.499356,1.292
-0.32843,0.499356,1.292
-0.309124,0.499356,1.292
-0.289819,0.499356,1.292
-0.269677,0.49781,1.288
-0.250431,0.49781,1.288
-0.231904,0.499356,1.292
-0.212598,0.499356,1.292
-0.191947,0.495878,1.283
-0.172776,0.495878,1.283
-0.154204,0.49781,1.288
-0.134959,0.49781,1.288
-0.115713,0.49781,1.288
-0.0964677,0.49781,1.288
-0.0772223,0.49781,1.288
-0.0579769,0.49781,1.288
-0.0387314,0.49781,1.288
-0.0196222,0.501289,1.297
-0.00024133,0.499356,1.292
0.0190048,0.49781,1.288
0.0382503,0.49781,1.288
0.0574957,0.49781,1.288
0.0767411,0.49781,1.288
0.0959865,0.49781,1.288
0.114785,0.495878,1.283
0.134477,0.49781,1.288
0.153723,0.49781,1.288
0.172297,0.495878,1.283
0.192214,0.49781,1.288
0.210638,0.495878,1.283
0.229809,0.495878,1.283
0.24898,0.495878,1.283
0.267105,0.493945,1.278
0.286201,0.493945,1.278
0.305297,0.493945,1.278
0.325662,0.495878,1.283
0.343489,0.493945,1.278
0.362585,0.493945,1.278
0.381681,0.493945,1.278
0.400777,0.493945,1.278
0.419873,0.493945,1.278
0.438969,0.493945,1.278
0.456273,0.492013,1.273
0.475295,0.492013,1.273
0.494316,0.492013,1.273
0.515353,0.493945,1.278
0.534449,0.493945,1.278
0.555711,0.495878,1.283
0.572641,0.493945,1.278
0.589422,0.492013,1.273
0.606054,0.49008,1.268
0.627465,0.492013,1.273
0.643947,0.49008,1.268
0.660802,0.488534,1.264
-0.758973,0.522539,1.302
-0.733839,0.518525,1.292
-0.709556,0.514913,1.283
-0.687695,0.512907,1.278
-0.668599,0.512907,1.278
-0.649503,0.512907,1.278
-0.62794,0.5109,1.273
-0.608919,0.5109,1.273
-0.592215,0.512907,1.278
-0.570877,0.5109,1.273
-0.551855,0.5109,1.273
-0.534927,0.512907,1.278
-0.515831,0.512907,1.278
-0.496735,0.512907,1.278
-0.473901,0.508893,1.268
-0.456749,0.5109,1.273
-0.439447,0.512907,1.278
-0.418706,0.5109,1.273
-0.399685,0.5109,1.273
-0.382159,0.512907,1.278
-0.361642,0.5109,1.273
-0.341275,0.508893,1.268
-0.3236,0.5109,1.273
-0.304578,0.5109,1.273
-0.284436,0.508893,1.268
-0.266536,0.5109,1.273
-0.247515,0.5109,1.273
-0.229391,0.512907,1.278
-0.209472,0.5109,1.273
-0.190451,0.5109,1.273
-0.170756,0.508893,1.268
-0.151809,0.508893,1.268
-0.132863,0.508893,1.268
-0.114366,0.5109,1.273
-0.0953442,0.5109,1.273
-0.0760232,0.508893,1.268
-0.0573017,0.5109,1.273
-0.03813,0.508893,1.268
-0.0192591,0.5109,1.273
-0.000237781,0.5109,1.273
0.0187097,0.508893,1.268
0.0376563,0.508893,1.268
0.0566029,0.508893,1.268
0.0753112,0.507288,1.264
0.094198,0.507288,1.264
0.11389,0.5109,1.273
0.132389,0.508893,1.268
0.150858,0.507288,1.264
0.169745,0.507288,1.264
0.188632,0.507288,1.264
0.207519,0.507288,1.264
0.226406,0.507288,1.264
0.245292,0.507288,1.264
0.264179,0.507288,1.264
0.283066,0.507288,1.264
0.301953,0.507288,1.264
0.32084,0.507288,1.264
0.338383,0.505281,1.259
0.357195,0.505281,1.259
0.376007,0.505281,1.259
0.396387,0.507288,1.264
0.412317,0.503676,1.255
0.432443,0.505281,1.259
0.453047,0.507288,1.264
0.470067,0.505281,1.259
0.48888,0.505281,1.259
0.509708,0.507288,1.264
0.528595,0.507288,1.264
0.549214,0.508893,1.268
0.564128,0.505281,1.259
0.581088,0.503676,1.255
0.601752,0.505281,1.259
0.618593,0.503676,1.255
0.639376,0.505281,1.259
0.646164,0.49605,1.236
